816 	673 	513 	568 	585 	563 	967 	633 	781 	603 	560 	912 	941 	960 	986 	596 	537 	609 	623 	772
770 	899 	953 	842 	653 	846 	822 	877 	844 	804 	710 	785 	605 	939 	619 	543 	550 	776 	570 	881
865 	580 	953 	757 	545 	616 	527 	638 	512 	616 	976 	546 	964 	583 	908 	720 	690 	991 	886 	869
872 	805 	937 	787 	594 	620 	625 	612 	665 	752 	945 	888 	838 	759 	988 	505 	628 	830 	1000 	766
760 	885 	518 	936 	870 	926 	586 	521 	991 	820 	778 	737 	892 	732 	729 	716 	946 	923 	713 	767
729 	790 	846 	673 	573 	936 	952 	828 	930 	769 	835 	906 	887 	845 	537 	972 	682 	834 	867 	740
856 	752 	774 	756 	846 	984 	990 	560 	726 	857 	754 	823 	663 	722 	894 	809 	717 	624 	889 	780
635 	653 	558 	851 	735 	931 	811 	585 	593 	612 	938 	707 	516 	684 	795 	832 	870 	759 	974 	975
552 	524 	772 	619 	688 	799 	775 	860 	575 	908 	958 	649 	580 	667 	637 	879 	655 	670 	888 	759
825 	676 	541 	676 	512 	764 	966 	571 	936 	821 	631 	843 	958 	973 	971 	996 	847 	957 	930 	970
549 	851 	801 	536 	913 	835 	916 	642 	608 	940 	801 	886 	929 	743 	851 	538 	717 	606 	1000 	898
870 	974 	747 	865 	960 	964 	552 	860 	721 	684 	842 	830 	535 	981 	935 	984 	605 	765 	900 	935
590 	537 	954 	801 	649 	957 	525 	864 	528 	983 	547 	564 	861 	780 	775 	962 	816 	570 	641 	684
695 	870 	833 	552 	953 	704 	547 	989 	749 	619 	507 	717 	679 	783 	708 	922 	926 	987 	846 	699
835 	564 	536 	712 	955 	541 	609 	984 	962 	710 	544 	977 	951 	629 	892 	764 	884 	590 	869 	989
666 	702 	626 	687 	812 	702 	738 	793 	705 	926 	855 	911 	568 	539 	865 	886 	966 	766 	844 	860
931 	712 	628 	742 	916 	979 	509 	529 	536 	643 	932 	863 	523 	915 	727 	952 	899 	799 	602 	581
805 	541 	765 	829 	989 	894 	946 	553 	514 	768 	923 	523 	580 	698 	891 	532 	629 	707 	610 	629
604 	703 	737 	869 	634 	586 	580 	646 	931 	981 	898 	849 	834 	823 	700 	883 	774 	727 	691 	969
810 	776 	762 	520 	933 	917 	672 	842 	671 	602 	751 	668 	619 	773 	911 	941 	737 	956 	920 	601
515 	844 	586 	896 	905 	821 	726 	731 	880 	611 	999 	640 	571 	762 	773 	662 	774 	545 	913 	531
779 	692 	773 	780 	810 	661 	676 	941 	538 	725 	896 	544 	992 	754 	511 	905 	721 	993 	719 	677
577 	673 	817 	970 	886 	756 	805 	547 	721 	982 	527 	851 	954 	822 	901 	519 	591 	739 	627 	558
517 	510 	595 	750 	802 	555 	976 	547 	879 	729 	534 	549 	993 	548 	649 	543 	607 	937 	773 	623
998 	502 	888 	643 	596 	629 	903 	910 	530 	735 	701 	972 	611 	501 	698 	548 	630 	672 	708 	733
817 	840 	726 	811 	611 	666 	781 	969 	885 	788 	891 	529 	616 	504 	719 	933 	506 	947 	520 	993
741 	644 	542 	607 	777 	895 	975 	620 	978 	944 	782 	705 	806 	936 	620 	646 	804 	731 	641 	747
843 	931 	509 	589 	861 	931 	636 	851 	916 	512 	699 	819 	900 	525 	533 	604 	945 	986 	941 	777
667 	857 	860 	633 	617 	641 	804 	561 	611 	888 	687 	980 	529 	956 	971 	738 	987 	683 	557 	731
617 	542 	745 	958 	501 	823 	577 	891 	926 	717 	999 	844 	879 	740 	711 	562 	668 	634 	933 	596
869 	510 	801 	500 	936 	915 	882 	531 	890 	867 	727 	862 	506 	813 	679 	756 	914 	770 	939 	769
871 	823 	625 	655 	742 	878 	935 	723 	933 	622 	513 	526 	891 	940 	988 	803 	891 	848 	856 	621
594 	996 	514 	970 	648 	776 	836 	913 	794 	942 	743 	654 	860 	921 	527 	857 	960 	685 	897 	605
597 	818 	752 	589 	559 	764 	748 	559 	974 	699 	777 	649 	861 	917 	757 	503 	837 	802 	989 	665
881 	937 	962 	712 	722 	916 	792 	524 	919 	548 	591 	870 	656 	728 	944 	884 	855 	732 	641 	508
846 	763 	695 	845 	597 	842 	517 	821 	649 	803 	501 	691 	514 	723 	982 	556 	579 	981 	532 	548
790 	988 	688 	981 	784 	954 	834 	540 	709 	772 	532 	696 	875 	539 	548 	689 	601 	843 	701 	773
756 	541 	801 	703 	702 	696 	933 	765 	788 	842 	816 	804 	718 	601 	583 	921 	980 	515 	508 	529
531 	556 	811 	811 	726 	982 	604 	897 	511 	822 	788 	807 	855 	608 	838 	745 	691 	585 	723 	682
587 	997 	592 	754 	966 	967 	593 	986 	780 	792 	743 	570 	906 	602 	653 	811 	526 	517 	704 	890
704 	582 	876 	634 	722 	737 	967 	635 	812 	613 	825 	707 	711 	560 	867 	731 	824 	943 	532 	684
960 	949 	507 	780 	872 	541 	594 	579 	916 	932 	891 	594 	972 	937 	535 	820 	575 	755 	625 	529
879 	853 	693 	758 	525 	763 	999 	962 	674 	782 	813 	933 	820 	513 	942 	506 	853 	734 	943 	917
696 	724 	884 	524 	755 	629 	513 	908 	976 	629 	826 	740 	634 	824 	703 	585 	843 	625 	554 	561
962 	813 	602 	807 	579 	899 	958 	887 	562 	517 	771 	672 	523 	602 	946 	500 	611 	646 	962 	870
711 	933 	561 	818 	724 	670 	698 	590 	970 	835 	549 	746 	555 	607 	581 	672 	874 	860 	584 	579
719 	638 	812 	978 	995 	947 	573 	748 	527 	738 	848 	796 	719 	814 	929 	573 	949 	513 	639 	669
826 	768 	983 	713 	523 	614 	619 	845 	987 	693 	770 	906 	603 	1000 	707 	533 	672 	615 	537 	736
595 	709 	923 	791 	657 	608 	763 	927 	756 	627 	778 	790 	784 	555 	752 	543 	514 	839 	705 	512
927 	923 	717 	642 	726 	614 	982 	646 	680 	858 	613 	710 	683 	942 	817 	805 	903 	897 	650 	574
575 	919 	872 	677 	865 	676 	792 	562 	708 	671 	656 	721 	661 	592 	520 	519 	843 	950 	1000 	789
503 	799 	792 	711 	675 	564 	613 	823 	972 	812 	506 	938 	516 	980 	949 	824 	994 	879 	893 	866
580 	711 	847 	909 	616 	832 	690 	748 	569 	591 	626 	614 	999 	604 	739 	845 	996 	984 	784 	666
696 	984 	684 	728 	621 	666 	846 	921 	699 	977 	595 	783 	633 	978 	684 	699 	749 	787 	544 	722
994 	849 	731 	848 	961 	763 	810 	607 	552 	767 	685 	523 	910 	833 	769 	546 	975 	858 	591 	579
523 	951 	729 	564 	701 	555 	658 	732 	861 	962 	666 	911 	777 	563 	642 	811 	829 	982 	585 	916
890 	613 	627 	736 	640 	767 	749 	669 	634 	703 	662 	675 	655 	776 	655 	636 	693 	713 	666 	610
748 	800 	887 	622 	742 	942 	880 	745 	590 	819 	624 	518 	920 	975 	735 	875 	682 	752 	783 	959
878 	856 	677 	707 	986 	585 	726 	649 	808 	593 	690 	726 	574 	507 	830 	639 	575 	897 	948 	984
983 	704 	641 	957 	741 	580 	585 	876 	897 	925 	830 	963 	866 	825 	972 	510 	647 	866 	945 	804
1688 	1235 	1246 	1190 	1075 	1553 	1134 	1848 	1579 	1246 	1712 	1914 	1567 	1723 	1454 	1068 	1520 	1675 	1669 	1460
1338 	1717 	1255 	1062 	1153 	1773 	1647 	1861 	1115 	1242 	1535 	1011 	1415 	1500 	1129 	1671 	1431 	1304 	1694 	1100
1453 	1087 	1845 	1454 	1032 	1935 	1288 	1459 	1458 	1929 	1895 	1138 	1222 	1459 	1776 	1374 	1399 	1602 	1500 	1856
1075 	1656 	1768 	1473 	1988 	1794 	1938 	1511 	1663 	1422 	1980 	1975 	1502 	1219 	1921 	1468 	1089 	1496 	1570 	1486
1901 	1724 	1952 	1596 	1633 	1351 	1616 	1398 	1187 	1609 	1018 	1569 	1829 	1047 	1059 	1465 	1932 	1048 	1396 	1946
1818 	1939 	1519 	1696 	1153 	1074 	1505 	1317 	1872 	1691 	1593 	1339 	1841 	1667 	1633 	1407 	1141 	1635 	1003 	1357
1317 	1447 	1121 	1534 	1227 	1848 	1142 	1627 	1112 	1183 	1132 	1417 	1289 	1569 	1229 	1887 	1421 	1575 	1931 	1839
1301 	1889 	1239 	1313 	1715 	1580 	1177 	1623 	1332 	1797 	1780 	1575 	1100 	1821 	1003 	1692 	1402 	1040 	1650 	1370
1001 	1018 	1191 	1549 	1222 	1067 	1523 	1319 	1887 	1896 	1620 	1250 	1734 	1612 	1384 	1617 	1317 	1083 	1528 	1516
1848 	1956 	1829 	1696 	1215 	1273 	1642 	1220 	1735 	1989 	1082 	1759 	1180 	1994 	1803 	1198 	1439 	1418 	1790 	1721
1227 	1290 	1507 	1513 	1508 	1509 	1865 	1084 	1932 	1764 	1419 	1412 	1718 	1424 	1059 	1446 	1664 	1443 	1514 	1307
1937 	1095 	1807 	1715 	1853 	1227 	1184 	1161 	1483 	1212 	1795 	1593 	1125 	1258 	1968 	1477 	1165 	1304 	1183 	1589
1064 	1308 	1656 	1055 	1669 	1617 	1495 	1650 	1498 	1634 	1060 	1760 	1203 	1223 	1759 	1893 	1413 	1539 	1331 	1601
1736 	1051 	1621 	1687 	1742 	1883 	1817 	1183 	1493 	1475 	1421 	1529 	1570 	1519 	1775 	1167 	1869 	1199 	1373 	1827
1005 	1855 	1967 	1394 	1963 	1056 	1512 	1761 	1331 	1519 	1930 	1998 	1240 	1642 	1259 	1345 	2000 	1119 	1563 	1749
1436 	1644 	1499 	1845 	1294 	1161 	1131 	1024 	1201 	1881 	1921 	1083 	1811 	1355 	1821 	1563 	1200 	1464 	1451 	1701
1252 	1835 	1267 	1722 	1683 	1438 	1770 	1386 	1284 	1139 	1857 	1794 	1482 	1864 	1506 	1758 	1580 	1728 	1829 	1031
1558 	1445 	1493 	1851 	1307 	1967 	1274 	1882 	1028 	1414 	1888 	1186 	1937 	1608 	1114 	1679 	1141 	1547 	1944 	1268
1353 	1104 	1212 	1903 	1936 	1033 	1232 	1900 	1467 	1133 	1061 	1852 	1064 	1862 	1411 	1420 	1011 	1860 	1685 	1248
1114 	1264 	1629 	1690 	1526 	1790 	1269 	1121 	1072 	1859 	1891 	1734 	1861 	1151 	1772 	1813 	1297 	1502 	1229 	1931
1729 	1903 	1053 	1882 	1292 	1674 	1384 	1651 	1509 	1521 	1052 	1976 	1938 	1993 	1019 	1231 	1268 	1469 	1751 	1513
1063 	1699 	1286 	1553 	1350 	1054 	1019 	1283 	1184 	1752 	1692 	1025 	1082 	1972 	1275 	1667 	1772 	1265 	1292 	1558
1105 	1119 	1020 	1439 	1014 	1811 	1836 	1686 	1669 	1897 	1205 	1625 	1005 	1462 	1708 	1759 	1624 	1161 	1066 	1601
1865 	1288 	1566 	1959 	1831 	1801 	1220 	1550 	1549 	1530 	1847 	1762 	1225 	1705 	1332 	1066 	1891 	1429 	1368 	1036
1379 	1099 	1006 	1050 	1095 	1786 	1567 	1237 	1685 	1519 	1375 	1098 	1626 	1155 	1613 	1258 	1089 	1439 	1218 	1450
1518 	1798 	1229 	1097 	1045 	1699 	1615 	1944 	1017 	1150 	1935 	1350 	1232 	1722 	1379 	1263 	1627 	1441 	1930 	1906
1637 	1180 	1876 	1456 	1305 	1508 	1275 	1140 	1470 	1633 	1794 	1427 	1133 	1949 	1274 	1229 	1191 	1888 	1238 	1939
1800 	1566 	1203 	1992 	1389 	1855 	1125 	1731 	1333 	1260 	1934 	1883 	1916 	1321 	1693 	1451 	1059 	1638 	1865 	1917
1773 	1895 	1640 	1008 	1078 	1266 	1693 	1879 	1625 	1256 	1915 	1882 	1073 	1399 	1904 	1551 	1632 	1729 	1372 	1099
1465 	1852 	1701 	1735 	1438 	1480 	1313 	1775 	1590 	1082 	1266 	1591 	1062 	1397 	1542 	1803 	1694 	1466 	1861 	1532
2851 	2311 	2239 	2473 	2459 	2704 	2901 	2592 	2337 	2523 	2075 	2135 	2176 	2577 	2446 	2732 	2552 	2381 	2971 	2388
2554 	2437 	2249 	2344 	2876 	2825 	2155 	2917 	2219 	2180 	2506 	2447 	2693 	2238 	2080 	2051 	2319 	2880 	2387 	2739
2789 	2563 	2211 	2308 	2588 	2475 	2488 	2916 	2567 	2494 	2486 	2412 	2893 	2523 	2061 	2828 	2939 	2878 	2702 	2426
2039 	2370 	2144 	2885 	2366 	2636 	2664 	2882 	2506 	2970 	2353 	2287 	2948 	2547 	2080 	2080 	2223 	2081 	2891 	2336
2602 	2712 	2749 	2129 	2275 	2886 	2722 	2301 	2178 	2412 	2901 	2703 	2562 	2535 	2123 	2153 	2266 	2764 	2620 	2021
2918 	2587 	2256 	2233 	2291 	2854 	2092 	2850 	2870 	2920 	2125 	2989 	2800 	2768 	2874 	2210 	2189 	2155 	2235 	2289
2438 	2521 	2017 	2271 	2318 	2237 	2197 	2234 	2248 	2968 	2164 	2931 	2926 	2609 	2233 	2029 	2862 	2578 	2515 	2287
2568 	2128 	2743 	2907 	2884 	2399 	2396 	2852 	2748 	2252 	2461 	2978 	2404 	2969 	2261 	2107 	2219 	2020 	2735 	2156
2742 	2118 	2491 	2006 	2773 	2241 	2739 	2567 	2032 	2953 	2001 	2893 	2738 	2940 	2911 	2466 	2001 	2521 	2772 	2424
2711 	2285 	2779 	2314 	2518 	2489 	2096 	2985 	2845 	2745 	2459 	2532 	2246 	2648 	2185 	2052 	2267 	2358 	2903 	2145
