1891 	1705 	1963 	1531 	1492 	1218 	1466 	1714 	1783 	1053 	1279 	1320 	1547 	1939 	1101 	1001 	1379 	1269 	1175 	1325
1662 	1796 	1853 	1008 	1673 	1571 	1012 	1483 	1737 	1686 	1588 	1151 	1304 	1469 	1672 	1581 	1157 	1143 	1066 	1113
1416 	1427 	1629 	1634 	1554 	1236 	1400 	1941 	1292 	1652 	1086 	1463 	1074 	1432 	1791 	1284 	1402 	1598 	1596 	1795
1754 	1683 	1339 	1234 	1391 	1366 	1624 	1441 	1926 	1473 	1760 	1951 	1870 	1541 	1548 	1411 	1654 	1183 	1071 	1167
1598 	1502 	1528 	1844 	1394 	1852 	1324 	1222 	1764 	1992 	1511 	1547 	1776 	1753 	1320 	1128 	1125 	1030 	1575 	1971
1253 	1087 	1670 	1334 	1488 	1888 	1045 	1123 	1528 	1779 	1675 	1391 	1786 	1180 	1519 	1024 	1137 	1448 	1877 	1572
1047 	1515 	1571 	1906 	1810 	1808 	1522 	1377 	1100 	1064 	1333 	1175 	1909 	1250 	1970 	1672 	1421 	1193 	1279 	1809
1973 	1949 	1359 	1050 	1656 	1441 	1276 	1962 	1458 	1709 	1170 	1956 	1834 	1262 	1247 	1175 	1551 	1264 	1144 	1093
1538 	1925 	1969 	1743 	1996 	1117 	1247 	1899 	1286 	1631 	1402 	1515 	1081 	1124 	1664 	1308 	1541 	1800 	1781 	1298
1951 	1855 	1068 	1062 	1394 	1923 	1384 	1623 	1853 	1373 	1579 	1487 	1880 	1423 	1129 	1452 	1565 	1825 	1610 	1112
1369 	1247 	1406 	1648 	1231 	1977 	1800 	1867 	1397 	1482 	1240 	1508 	1801 	1188 	1787 	1857 	1507 	1481 	1436 	1039
1227 	1931 	1837 	1123 	1708 	1095 	1399 	1276 	1522 	1661 	1932 	1723 	1465 	1670 	1639 	1258 	1865 	1027 	1124 	1751
1536 	1013 	1502 	1608 	1287 	1467 	1251 	1665 	1391 	1849 	1155 	1292 	1676 	1280 	1431 	1119 	1667 	1986 	1364 	1031
1071 	1076 	1861 	1088 	1296 	1638 	2000 	1535 	1192 	1296 	1067 	1640 	1445 	1390 	1481 	1686 	1410 	1734 	1989 	1959
1882 	1517 	1983 	1212 	1354 	1071 	1369 	1549 	1489 	1878 	1460 	1572 	1145 	1144 	1924 	1431 	1542 	1811 	1563 	1740
1018 	1038 	1467 	1250 	1932 	1211 	1182 	1822 	1740 	1250 	1478 	1326 	1745 	1519 	1064 	1651 	1756 	1684 	1910 	1265
1707 	1789 	1404 	1576 	1600 	1372 	1133 	1877 	1949 	1543 	1664 	1789 	1649 	1584 	1186 	1255 	1204 	1247 	1333 	1176
1451 	1378 	1254 	1689 	1381 	1397 	1260 	1044 	1341 	1729 	1547 	1198 	1428 	2000 	1728 	1349 	1036 	1614 	1036 	1640
1020 	1335 	1146 	1468 	1194 	1375 	1813 	1691 	1278 	1933 	1868 	1669 	1630 	1108 	1450 	1282 	1842 	1250 	1407 	1210
1345 	1477 	1145 	1389 	1074 	1119 	1615 	1295 	1410 	1670 	1976 	1061 	1907 	1567 	1954 	1219 	1843 	1425 	1735 	1481
1810 	1916 	1169 	1940 	1710 	1219 	1363 	1947 	1853 	1433 	1054 	1049 	1398 	1404 	1489 	1385 	1020 	1209 	1196 	1537
1309 	1168 	1486 	1145 	1707 	1375 	1887 	1833 	1933 	1331 	1687 	1743 	1241 	1535 	1168 	1153 	1585 	1056 	1690 	1125
1223 	1468 	1591 	1646 	1324 	1920 	1285 	1614 	1968 	1895 	1009 	1537 	1672 	1757 	1539 	1496 	1573 	1271 	1733 	1883
1800 	1770 	1872 	1454 	1914 	1595 	1612 	1967 	1711 	1601 	1145 	1285 	1083 	1521 	1866 	1731 	1923 	1186 	1071 	1916
1074 	1322 	1792 	1952 	1488 	1878 	1982 	1297 	1576 	1167 	1735 	1857 	1725 	1296 	1363 	1084 	1764 	1960 	1842 	1708
1583 	1004 	1013 	1753 	1571 	1860 	1915 	1466 	1981 	1897 	1677 	1650 	1542 	1196 	1191 	1693 	1272 	1399 	1867 	1691
1775 	1212 	1890 	1646 	1215 	1715 	1504 	1471 	1941 	1670 	1071 	1042 	1152 	1228 	1612 	1369 	1357 	1681 	1401 	1649
1604 	1034 	1075 	1978 	1731 	1583 	1863 	1497 	1633 	1934 	1395 	1026 	1200 	1581 	1256 	1718 	1931 	1215 	1297 	1275
1088 	1336 	1792 	1051 	1136 	1860 	1254 	1077 	1291 	1998 	1475 	1081 	1170 	1801 	1665 	1089 	1068 	1913 	1613 	1378
1939 	1046 	1278 	1326 	1367 	1423 	1539 	1217 	1481 	1761 	1442 	1085 	1763 	1501 	1353 	1455 	1361 	1979 	1885 	1686
1366 	1113 	1837 	1874 	2000 	1126 	1164 	1107 	1608 	1694 	1197 	1327 	1379 	1382 	1173 	1441 	1081 	1616 	1865 	1921
1590 	1717 	1977 	1239 	1234 	1308 	1408 	1117 	1326 	1014 	1183 	1797 	1201 	1642 	1777 	2000 	1140 	1061 	1978 	1208
1573 	1952 	1216 	1721 	1876 	1946 	1815 	1865 	1836 	1306 	1232 	1295 	1714 	1739 	1432 	1161 	1955 	1011 	1789 	1260
1345 	1473 	1852 	1793 	1054 	1737 	1603 	1974 	1577 	1852 	1459 	1911 	1599 	1942 	1010 	1090 	1417 	1953 	1630 	1789
1057 	1672 	1603 	1233 	1063 	1744 	1801 	1420 	1127 	1823 	1576 	1666 	1594 	1453 	1628 	1694 	1305 	1017 	1914 	1531
1554 	1119 	1971 	1810 	1525 	1870 	1599 	1157 	1579 	1586 	1218 	1195 	1774 	1783 	1714 	1968 	1345 	1114 	1119 	1282
1426 	1202 	1025 	1454 	1122 	1220 	1726 	1336 	1487 	1205 	1171 	1085 	1683 	1956 	1660 	1139 	1383 	1029 	1417 	1683
1397 	1178 	1980 	1916 	1982 	1487 	1974 	1472 	1451 	1145 	1749 	1008 	1852 	1870 	1975 	1075 	1242 	1193 	1413 	1734
1581 	1837 	1675 	1833 	1156 	1341 	1793 	1277 	1238 	1119 	1868 	1057 	1300 	1591 	1865 	1623 	1516 	1972 	1741 	1810
1420 	1356 	1658 	1925 	1928 	1538 	1100 	1339 	1597 	1053 	1554 	1530 	1424 	1578 	1857 	1829 	1561 	1912 	1318 	1764
1569 	1228 	1280 	1766 	1781 	1407 	1184 	1185 	1076 	1445 	1096 	1467 	1836 	1753 	1197 	1909 	1097 	1706 	1340 	1949
1631 	1714 	1784 	1681 	1101 	1410 	1764 	1263 	1322 	1648 	1638 	1765 	1246 	1597 	1485 	1850 	1106 	1326 	1513 	1215
1855 	1753 	1910 	1421 	1070 	1281 	1029 	1077 	1995 	1061 	1186 	1160 	1491 	1063 	1667 	1199 	1441 	1776 	1316 	1647
1208 	1655 	1731 	1449 	1736 	1596 	1483 	1384 	1715 	1001 	1545 	1154 	1239 	1443 	1072 	1513 	1891 	1551 	1325 	1535
1982 	1126 	1631 	1412 	1836 	1490 	1318 	1059 	1992 	1026 	1659 	1422 	1418 	1065 	1737 	1082 	1073 	1907 	1805 	1858
1193 	1457 	1766 	1061 	1201 	1309 	1641 	1499 	1118 	1833 	1675 	1976 	1247 	1970 	1452 	1235 	1205 	1932 	1217 	1181
1480 	1805 	1252 	1487 	1154 	1643 	1661 	1906 	1104 	1579 	1422 	1112 	1201 	1204 	1167 	1952 	1885 	1038 	1194 	1350
1073 	1218 	1426 	1332 	1176 	1743 	1320 	1711 	1042 	1954 	1172 	1082 	1637 	1440 	1584 	1383 	1810 	1450 	1915 	1277
1359 	1277 	1979 	1848 	1310 	1409 	1153 	1064 	1639 	1648 	1371 	1361 	1591 	1135 	1167 	1927 	1958 	1514 	1964 	1675
1856 	1270 	1640 	1945 	1815 	1793 	1356 	1656 	1614 	1866 	1533 	1216 	1351 	1037 	1818 	1185 	1004 	1866 	1080 	1945
1185 	1874 	1499 	1815 	1765 	1700 	1769 	1684 	1140 	1796 	1233 	1370 	1790 	1015 	1495 	1303 	1337 	1895 	1978 	1385
1856 	1157 	1070 	1080 	1584 	1654 	1382 	1128 	1999 	1950 	1984 	1633 	1356 	1376 	1566 	1195 	1941 	1720 	1545 	1092
1900 	1197 	1469 	1037 	1809 	1834 	1396 	1114 	1574 	1588 	1141 	1119 	1768 	1167 	1106 	1144 	1509 	1387 	1996 	1631
1930 	1882 	1133 	1231 	1349 	1128 	1715 	1074 	1115 	1678 	1235 	1089 	1091 	1181 	1835 	1126 	1124 	1241 	1454 	1682
1925 	1097 	1966 	1786 	1279 	1871 	1621 	1434 	1711 	1215 	1138 	1924 	1650 	1477 	1611 	1679 	1841 	1611 	1218 	1837
1455 	1985 	1477 	1057 	1560 	1139 	1044 	1878 	1414 	1926 	1512 	1069 	1569 	1863 	1115 	1050 	1830 	1610 	1505 	1572
1385 	1658 	1890 	1461 	1811 	1401 	1918 	1788 	1617 	1964 	1663 	1092 	1812 	1487 	1686 	1981 	1482 	1935 	1310 	1186
1027 	1760 	1769 	1778 	1468 	1955 	1454 	1352 	1885 	1241 	1319 	1531 	1349 	1418 	1209 	1797 	1816 	1173 	1394 	1961
1368 	1509 	1538 	1207 	1032 	1634 	1150 	1276 	1991 	1437 	1454 	1503 	1050 	1048 	1193 	1285 	1694 	1588 	1595 	1092
1133 	1334 	1636 	1724 	1705 	1702 	1089 	1476 	1785 	1902 	1069 	1039 	1636 	1612 	1015 	1678 	1555 	1158 	1258 	1299
1271 	1138 	1001 	1694 	1916 	1264 	1592 	1836 	1092 	1880 	1414 	1115 	1310 	1373 	1254 	1956 	1953 	1108 	1011 	1444
1225 	1839 	1567 	1139 	1964 	1649 	1258 	1332 	1605 	1304 	1584 	1747 	1136 	1834 	1430 	1559 	1365 	1352 	1331 	1332
1762 	1919 	1499 	1559 	1961 	1636 	1680 	1556 	1309 	1875 	1625 	1347 	1886 	1511 	1916 	1889 	1042 	1970 	1587 	1271
1444 	1338 	1609 	1599 	1997 	1612 	1687 	1172 	1552 	1573 	1658 	1093 	1823 	1201 	1088 	1668 	1004 	1088 	1764 	1229
1834 	1654 	1713 	1316 	1278 	1910 	1655 	1430 	1669 	1188 	1770 	1825 	1899 	1511 	1618 	1286 	1983 	1289 	1976 	1266
1881 	1444 	1128 	1510 	1555 	1930 	1596 	1746 	1852 	1260 	1216 	1708 	1968 	1772 	1336 	1370 	1195 	1195 	1129 	1337
1308 	1732 	1427 	1150 	1566 	1028 	1643 	1633 	1404 	1511 	1373 	1434 	1200 	1840 	1681 	1856 	1220 	1524 	1140 	1922
1522 	1761 	1468 	1509 	1895 	1011 	1937 	1750 	1654 	1862 	1705 	1269 	1270 	1906 	1713 	1650 	1254 	1008 	1161 	1141
1247 	1984 	1658 	1357 	1977 	1711 	1895 	1650 	1523 	1221 	1634 	1101 	1998 	1248 	1104 	1115 	1784 	1425 	1378 	1414
1036 	1459 	1205 	1721 	1902 	1975 	1762 	1811 	1265 	1627 	1707 	1944 	1485 	1432 	1162 	1271 	1587 	1729 	1143 	1610
1642 	1794 	1015 	1541 	1561 	1831 	1364 	1622 	1936 	1597 	1183 	1400 	1834 	1005 	1447 	1475 	1649 	1075 	1948 	1189
1232 	1581 	1759 	1481 	1338 	1645 	1138 	1185 	1737 	1579 	1821 	1354 	1324 	1575 	1301 	1788 	1742 	1817 	1727 	1814
1647 	1473 	1201 	1551 	1680 	1700 	1890 	1417 	1592 	1430 	1051 	1184 	1749 	1398 	1372 	1752 	1510 	1085 	1270 	1818
1175 	1821 	1493 	1895 	1173 	1368 	1985 	1020 	1516 	1441 	1758 	1626 	1769 	1765 	1273 	1258 	1053 	1021 	1028 	1151
1284 	1753 	1731 	1987 	1637 	1399 	1864 	1505 	1698 	1825 	1837 	1392 	1984 	1256 	1345 	1358 	1076 	1143 	1930 	1245
1829 	1193 	1105 	1231 	1906 	1381 	1705 	1818 	1502 	1927 	1548 	1326 	1354 	1192 	1307 	1728 	1456 	1458 	1306 	1827
1595 	1846 	1132 	1913 	1232 	1842 	1288 	1304 	1920 	1254 	1059 	1309 	1728 	1596 	1212 	1582 	1141 	1605 	1158 	1102
1413 	1116 	1740 	1172 	1750 	1512 	1744 	1403 	1822 	1943 	1604 	1163 	1565 	1925 	1551 	1745 	1978 	1808 	1995 	1854
1022 	1576 	1496 	1165 	1460 	1029 	1077 	1583 	1871 	1338 	1575 	1297 	1322 	1369 	1414 	1765 	1675 	1342 	1456 	1760
1336 	1552 	1844 	1626 	1822 	1705 	1177 	1597 	1888 	1331 	1940 	1868 	1935 	1349 	1175 	1935 	1193 	1899 	1793 	1623
1033 	1438 	1171 	1521 	1127 	1979 	1586 	1573 	1030 	1295 	1160 	1444 	1520 	1130 	1328 	1409 	1609 	1621 	1449 	1234
1391 	1429 	1876 	1469 	1788 	1940 	1928 	1666 	1144 	1506 	1337 	1396 	1853 	1074 	1015 	1882 	1239 	1722 	1383 	1825
1421 	1618 	1054 	1616 	1335 	1026 	1138 	1137 	1985 	1979 	1689 	1249 	1626 	1146 	1298 	1893 	1628 	1049 	1026 	1992
1320 	1497 	1573 	1411 	1963 	1411 	1522 	1022 	1560 	1183 	1680 	1911 	1933 	1596 	1117 	1114 	1564 	1126 	1878 	1945
1740 	1269 	1404 	1217 	1191 	1541 	1906 	1756 	1117 	1399 	1077 	1595 	1924 	1834 	1716 	1814 	1562 	1252 	1836 	1982
1664 	1833 	1255 	1632 	1960 	1528 	1530 	1449 	1506 	1517 	1033 	1325 	1173 	1107 	1583 	1832 	1884 	1323 	1366 	1330
1231 	1796 	1959 	1588 	1031 	1642 	1254 	1300 	1958 	1890 	1774 	1708 	1673 	1630 	1235 	1621 	1275 	1699 	1368 	1069
1183 	1718 	1957 	1579 	1284 	1260 	1141 	1937 	1557 	1272 	1686 	1973 	1939 	1451 	1409 	1869 	1281 	1909 	1164 	1245
1610 	1744 	1955 	1862 	1265 	1464 	1985 	1429 	1893 	1581 	1641 	1628 	1925 	1507 	1968 	1458 	1095 	1523 	1595 	1393
1568 	1676 	1415 	1791 	1901 	1940 	1067 	1006 	1697 	1602 	1639 	1714 	1660 	1042 	1227 	1897 	1126 	1361 	1938 	1222
1576 	1649 	1116 	1371 	1662 	1411 	1956 	1569 	1669 	1538 	1855 	1565 	1781 	1008 	1744 	1190 	1118 	1635 	1205 	1812
1904 	1091 	1604 	1923 	1561 	1149 	1843 	1251 	1802 	1329 	1496 	1689 	1556 	1925 	1928 	1659 	1852 	1133 	1687 	1422
1487 	1972 	1131 	1934 	1096 	1014 	1634 	1590 	1839 	1194 	1427 	1402 	1662 	1336 	1191 	1239 	1266 	1035 	1810 	1340
1962 	1356 	1123 	1954 	1484 	1893 	1692 	1717 	1413 	1543 	1988 	1209 	1909 	1006 	1542 	1016 	1181 	1066 	1301 	1822
1020 	1708 	1972 	1513 	1877 	1470 	1162 	1595 	1166 	1774 	1098 	1854 	1865 	1673 	1261 	1737 	1294 	1714 	1590 	1429
1615 	1989 	1076 	1380 	1704 	1038 	1668 	1165 	1594 	1932 	1804 	1596 	1340 	1054 	1036 	1565 	1430 	1617 	1198 	1844
1111 	1635 	1253 	1334 	1600 	1377 	1288 	1110 	1735 	1694 	1925 	1405 	1895 	1807 	1063 	1295 	1509 	1008 	1881 	1769
1022 	1046 	1433 	1344 	1358 	1248 	1888 	1461 	1268 	1234 	1960 	1131 	1491 	1594 	1954 	1395 	1921 	1870 	1154 	1210
1097 	1164 	1179 	1349 	1179 	1908 	1067 	1895 	1109 	1247 	1274 	1896 	1310 	1105 	1246 	1359 	1120 	1839 	1170 	1945
1610 	1891 	1566 	1960 	1992 	1600 	1818 	1511 	1508 	1315 	1884 	1149 	1226 	1420 	1126 	1024 	1311 	1383 	1715 	1924
