674 	919 	800 	999 	512 	836 	710 	678 	833 	678 	945 	937 	853 	860 	894 	666 	711 	679 	528 	603
919 	645 	879 	901 	509 	969 	846 	627 	741 	597 	605 	790 	967 	590 	534 	734 	660 	620 	642 	853
631 	550 	623 	531 	760 	936 	728 	707 	898 	930 	738 	638 	827 	754 	900 	920 	856 	919 	746 	959
906 	896 	770 	833 	945 	741 	899 	545 	919 	723 	773 	993 	663 	937 	995 	952 	988 	671 	744 	688
730 	541 	673 	766 	802 	866 	692 	843 	523 	531 	806 	983 	671 	505 	807 	747 	698 	548 	997 	648
694 	805 	649 	964 	979 	936 	581 	867 	541 	549 	694 	812 	915 	576 	773 	806 	753 	999 	749 	503
800 	975 	973 	587 	590 	768 	913 	791 	745 	964 	583 	660 	611 	575 	874 	912 	569 	620 	703 	930
891 	916 	748 	710 	897 	871 	720 	747 	608 	807 	972 	596 	666 	818 	764 	799 	614 	580 	580 	589
514 	501 	535 	906 	779 	782 	573 	899 	916 	909 	851 	870 	968 	571 	897 	679 	869 	569 	609 	910
503 	637 	969 	773 	530 	817 	582 	791 	984 	541 	720 	974 	797 	781 	779 	909 	993 	818 	566 	532
721 	789 	886 	803 	999 	792 	770 	645 	606 	950 	968 	534 	690 	779 	527 	545 	805 	592 	646 	721
877 	745 	559 	771 	989 	857 	664 	846 	812 	961 	727 	553 	618 	726 	662 	822 	784 	774 	668 	501
597 	770 	708 	674 	813 	666 	733 	738 	700 	891 	573 	737 	681 	655 	859 	926 	860 	517 	525 	888
625 	716 	858 	770 	942 	959 	904 	994 	759 	603 	764 	872 	524 	862 	989 	592 	598 	727 	947 	851
739 	661 	522 	539 	868 	561 	664 	653 	829 	708 	912 	963 	778 	716 	583 	845 	826 	945 	830 	655
519 	827 	835 	579 	989 	963 	698 	991 	981 	718 	585 	618 	548 	714 	642 	904 	510 	618 	827 	842
866 	692 	559 	660 	836 	881 	863 	829 	849 	953 	527 	636 	588 	883 	676 	541 	951 	561 	891 	549
602 	610 	512 	880 	581 	641 	845 	806 	925 	869 	620 	697 	954 	675 	749 	546 	819 	847 	914 	801
860 	779 	604 	517 	619 	880 	602 	622 	592 	566 	966 	749 	745 	532 	932 	624 	530 	820 	873 	737
742 	675 	690 	972 	967 	984 	861 	932 	713 	844 	561 	517 	955 	509 	623 	855 	715 	500 	880 	843
1787 	1145 	1112 	1688 	1122 	1393 	1498 	1786 	1986 	1758 	1205 	1872 	1834 	1585 	1162 	1058 	1587 	1105 	1345 	1043
1226 	1068 	1426 	1252 	1211 	1469 	1826 	1873 	1381 	1213 	1198 	1442 	1328 	1501 	1879 	1162 	1070 	1465 	1130 	1572
1299 	1613 	1783 	1185 	1528 	1271 	1297 	1666 	1384 	1565 	1280 	1332 	1641 	1918 	1187 	1042 	1379 	1634 	1708 	1951
1267 	1914 	1140 	1575 	1199 	1743 	1303 	1633 	2000 	1049 	1658 	1244 	1072 	1425 	1663 	1859 	1403 	1432 	1002 	1222
1512 	1857 	1556 	1620 	1771 	1169 	1994 	1015 	1498 	1239 	1626 	1404 	1540 	1338 	1237 	1605 	1241 	1529 	1365 	1157
1493 	1051 	1461 	1274 	1764 	1744 	1332 	1145 	1296 	1971 	1700 	1242 	1888 	1533 	1845 	1882 	1430 	1206 	1856 	1939
1992 	1771 	1711 	1218 	1109 	1615 	1215 	1374 	1169 	1099 	1436 	1911 	1281 	1438 	1626 	1060 	1198 	1900 	1023 	1108
1455 	1418 	1684 	1558 	1546 	1503 	1212 	1686 	1982 	1756 	1804 	1429 	1422 	1319 	1466 	1454 	1752 	1898 	1752 	1949
1311 	1524 	1335 	1809 	1422 	1308 	1360 	1707 	1311 	1090 	1278 	1982 	1389 	1348 	1279 	1181 	1132 	1611 	1765 	1131
1430 	1898 	1485 	1075 	1203 	1998 	1552 	1334 	1713 	1325 	1537 	1015 	1552 	1800 	1317 	1480 	1991 	1845 	1599 	1113
1589 	1494 	1213 	1844 	1210 	1899 	1160 	1135 	1496 	1421 	1268 	1885 	1041 	1906 	1048 	1124 	1459 	1941 	1158 	1910
1706 	1675 	1211 	1565 	1334 	1178 	1797 	1495 	1936 	1638 	1520 	1465 	1505 	1918 	1027 	1816 	1317 	1741 	1858 	1489
1694 	1653 	1270 	1906 	1257 	1596 	1689 	1305 	1250 	1626 	1273 	1149 	1254 	1997 	1832 	1902 	1990 	1134 	1136 	1227
1176 	1651 	1315 	1801 	1589 	1311 	1278 	1108 	1241 	1127 	1238 	1505 	1531 	1200 	1326 	1949 	1887 	1914 	1035 	1620
1001 	1283 	1117 	1032 	1822 	1768 	1497 	1490 	1679 	1730 	1074 	1328 	1397 	1133 	1324 	1775 	1941 	1335 	1330 	1562
1608 	1757 	1451 	1847 	1458 	1396 	1135 	1579 	1937 	1128 	1840 	1343 	1157 	1273 	1116 	1762 	1828 	1510 	1942 	1338
1647 	1915 	1399 	1202 	1820 	1132 	1943 	1360 	1270 	1425 	1898 	1509 	1115 	1708 	1428 	1110 	1288 	1543 	1783 	1418
1281 	1479 	1609 	1861 	1021 	1603 	1215 	1121 	1909 	1357 	1603 	1238 	1760 	1747 	1500 	1168 	1755 	1637 	1713 	1864
1726 	1764 	1007 	1846 	1183 	1514 	1968 	1927 	1860 	1361 	1935 	1439 	1756 	1877 	1014 	1659 	1743 	1747 	1859 	1304
1894 	1027 	1711 	1400 	1071 	1223 	1977 	1072 	1410 	1530 	1174 	1062 	1618 	1501 	1523 	1671 	1075 	1982 	1294 	1439
2266 	2386 	2855 	2254 	2968 	2999 	2926 	2965 	2018 	2577 	2914 	2864 	2125 	2556 	2458 	2071 	2796 	2935 	2538 	2276
2323 	2847 	2453 	2274 	2542 	2571 	2976 	2216 	2460 	2055 	2548 	2869 	2563 	2933 	2175 	2477 	2488 	2102 	2831 	2105
2257 	2388 	2329 	2665 	2865 	2016 	2086 	2390 	2526 	2197 	2612 	2342 	2941 	2015 	2874 	2497 	2872 	2537 	2015 	2750
2648 	2057 	2536 	2738 	2230 	2717 	2835 	2729 	2469 	2660 	2422 	2165 	2299 	2927 	2453 	2229 	2260 	2612 	2375 	2604
2726 	2408 	2818 	2683 	2489 	2961 	2651 	2272 	2540 	2938 	2119 	2594 	2489 	2469 	2922 	2722 	2040 	2399 	2852 	2980
2465 	2822 	2817 	2470 	2234 	2201 	2275 	2539 	2987 	2347 	2632 	2336 	2901 	2177 	2924 	2548 	2643 	2166 	2871 	2498
2542 	2870 	2571 	2887 	2090 	2828 	2778 	2102 	2142 	2729 	2816 	2090 	2197 	2785 	2737 	2299 	2941 	2865 	2348 	2781
2174 	2371 	2699 	2070 	2626 	2616 	2428 	2376 	2061 	2182 	2931 	2466 	2188 	2305 	2430 	2739 	2168 	2662 	2100 	2321
2067 	2146 	2569 	2494 	2583 	2759 	2687 	2431 	2641 	2805 	2300 	2484 	2437 	2605 	2310 	2049 	2368 	2968 	2453 	2822
2840 	2689 	2975 	2722 	2481 	2331 	2993 	2664 	2553 	2850 	2940 	2514 	2877 	2154 	2926 	2148 	2556 	2177 	2896 	2398
2556 	2982 	2330 	2322 	2461 	2396 	2781 	2820 	2388 	2378 	2312 	2573 	2616 	2245 	2464 	2409 	2636 	2751 	2194 	2357
2070 	2365 	2228 	2111 	2505 	2173 	2795 	2262 	2033 	2675 	2209 	2751 	2318 	2196 	2042 	2803 	2727 	2852 	2219 	2664
2031 	2571 	2051 	2176 	2754 	2626 	2565 	2827 	2074 	2239 	2864 	2612 	2525 	2594 	2097 	2364 	2102 	2284 	2278 	2319
2967 	2929 	2408 	2226 	2338 	2459 	2621 	2139 	2652 	2020 	2809 	2209 	2165 	2082 	2467 	2006 	2746 	2922 	2617 	2657
2063 	2848 	2186 	2606 	2066 	2781 	2838 	2036 	2530 	2028 	2607 	2634 	2393 	2180 	2391 	2115 	2622 	2148 	2706 	2311
2307 	2101 	2405 	2007 	2321 	2270 	2751 	2103 	2607 	2085 	2247 	2293 	2141 	2450 	2578 	2656 	2250 	2082 	2406 	2238
2277 	2980 	2234 	2043 	2261 	2648 	2478 	2702 	2897 	2945 	2657 	2654 	2317 	2622 	2252 	2810 	2304 	2578 	2248 	2772
2702 	2805 	2859 	2969 	2931 	2297 	2418 	2596 	2831 	2581 	2156 	2980 	2906 	2435 	2234 	2583 	2775 	2659 	2418 	2936
2416 	2529 	2166 	2799 	2530 	2581 	2568 	2131 	2615 	2384 	2509 	2254 	2474 	2421 	2470 	2393 	2149 	2405 	2469 	2319
2252 	2801 	2162 	2974 	2446 	2241 	2091 	2777 	2883 	2041 	2462 	2971 	2552 	2375 	2245 	2359 	2521 	2983 	2637 	2533
