824 	8689 	2331 	1269 	6850 	4045 	4887 	4662 	1574 	4859 	647 	6329 	3806 	771 	6948 	5061 	3049 	7086 	937 	5054
8435 	7683 	4346 	8935 	1240 	6608 	5121 	7028 	4289 	2808 	8453 	6351 	2408 	833 	2410 	2752 	4488 	4616 	3884 	8599
712 	4722 	8970 	5020 	3373 	2717 	8839 	1337 	3467 	8619 	2347 	2840 	4903 	4855 	2851 	4048 	1196 	8926 	7915 	8857
4108 	2570 	8813 	6243 	7564 	6418 	3412 	7312 	7097 	2226 	6972 	4754 	1879 	1593 	5476 	673 	3879 	1777 	8171 	4043
6041 	2658 	8702 	2163 	6865 	3962 	6254 	4770 	6119 	3740 	569 	8999 	3109 	6093 	8022 	3053 	8508 	1627 	2057 	7289
4618 	3947 	6308 	2147 	1821 	6996 	2177 	4149 	1223 	5326 	570 	6723 	6925 	5253 	3879 	1461 	6929 	911 	5231 	4270
6954 	7393 	1397 	2334 	2715 	3045 	4348 	2823 	8519 	667 	7347 	2090 	712 	3417 	1776 	5972 	4307 	8191 	6133 	1573
5524 	4758 	1507 	1714 	7859 	8237 	7930 	3050 	5503 	8355 	2340 	4652 	2841 	1914 	2003 	6926 	5937 	4636 	5077 	6853
7583 	6806 	3479 	7570 	6918 	6539 	8701 	2615 	3743 	3313 	4255 	8754 	6706 	2638 	1949 	4680 	634 	1479 	3840 	1981
939 	7137 	7997 	1234 	7072 	5149 	961 	2221 	3862 	5243 	7032 	4697 	5348 	3657 	3718 	7175 	3333 	6485 	4847 	4252
3934 	5473 	1883 	4173 	3214 	1170 	5805 	4100 	8115 	6525 	5304 	5040 	3241 	5270 	5693 	6071 	2367 	2883 	2599 	5267
5429 	3030 	5165 	2259 	1147 	4565 	4271 	7478 	6265 	4892 	8336 	7569 	3121 	904 	4188 	918 	6284 	5667 	4889 	3700
8515 	5102 	669 	6130 	6016 	6112 	2871 	7076 	5710 	1844 	2318 	2895 	2154 	1748 	3941 	5011 	4313 	5713 	7157 	3806
7104 	1228 	5202 	8332 	2834 	2511 	8291 	2948 	2020 	5310 	2617 	7180 	4333 	8132 	1549 	2223 	4110 	1580 	7973 	8475
6862 	3419 	2426 	6090 	7242 	5180 	1458 	5641 	3242 	2871 	8705 	650 	5445 	6283 	8456 	8469 	4916 	1400 	2946 	2907
7194 	3366 	2876 	2167 	868 	2399 	1377 	1830 	2007 	944 	1727 	4669 	8163 	4191 	7989 	8376 	7297 	7678 	1463 	2588
8299 	2366 	6300 	8027 	6516 	7672 	5148 	3446 	6909 	2624 	6818 	2271 	3532 	4601 	6644 	8541 	8620 	1887 	5926 	5156
4988 	1790 	1292 	8790 	3197 	1908 	2875 	6433 	7097 	3692 	664 	4394 	8629 	5191 	7395 	6869 	6823 	4346 	4245 	4371
2287 	4056 	1892 	6667 	3991 	7398 	6004 	3521 	7781 	4037 	4079 	3748 	8627 	1898 	4287 	6822 	7309 	989 	1756 	1626
8679 	1362 	5951 	4121 	1220 	8469 	2746 	4592 	1124 	1595 	3298 	6821 	8288 	2525 	1122 	2122 	3713 	2948 	6973 	6888
6688 	8924 	2116 	2330 	8620 	2795 	2056 	1350 	5356 	5745 	6728 	3526 	3963 	7165 	1283 	895 	8530 	5079 	6199 	8490
1963 	1564 	5192 	6375 	7872 	6996 	7314 	1281 	6026 	3503 	5902 	8424 	4781 	4601 	5033 	1459 	4997 	2875 	539 	3020
4792 	5592 	7582 	8562 	822 	5481 	2487 	6103 	4854 	8623 	634 	1323 	1361 	1470 	7802 	1014 	6367 	7603 	3241 	5546
8866 	2835 	8592 	1508 	5353 	7752 	7659 	6395 	4576 	5237 	1499 	5001 	2942 	7716 	3108 	2944 	7977 	1686 	5003 	4281
3206 	2125 	3893 	4546 	3446 	6014 	2960 	8865 	3805 	1150 	8782 	8738 	3063 	6858 	2114 	3592 	1617 	5607 	6732 	4659
4845 	8461 	7385 	1628 	8309 	3179 	7215 	6485 	5623 	5915 	5747 	4146 	6507 	8167 	4839 	7994 	8275 	6199 	7852 	6809
6070 	8859 	4874 	8900 	6364 	2284 	1481 	7355 	5250 	7572 	7342 	6728 	1324 	2226 	541 	3079 	3986 	1964 	2208 	3680
5434 	6346 	8100 	3220 	1208 	1174 	5161 	3858 	715 	8588 	4246 	3101 	4368 	6927 	3859 	2909 	6390 	6426 	4891 	6722
6868 	3461 	5173 	2148 	5235 	3800 	6763 	1514 	8316 	6813 	8423 	4395 	6278 	8448 	2802 	7429 	6107 	1386 	8021 	4174
6220 	2563 	2322 	5386 	1406 	3238 	8306 	2766 	4695 	1559 	1887 	8127 	1518 	2169 	3726 	5576 	5928 	6637 	7637 	5448
5540 	4203 	7571 	7241 	1432 	7319 	2756 	4326 	7082 	999 	4763 	5853 	940 	3464 	1888 	7653 	8133 	4098 	4997 	4691
4226 	577 	7161 	877 	7117 	5110 	4999 	3997 	2520 	8577 	7878 	6977 	6485 	4581 	3463 	5141 	3986 	2198 	3053 	8561
2977 	8178 	1260 	7720 	3649 	3623 	8296 	8037 	1788 	2007 	7277 	4599 	6807 	2429 	6701 	3554 	4500 	5748 	8040 	6723
4508 	4471 	7609 	8977 	2797 	1811 	707 	7062 	7767 	4493 	2927 	4102 	4504 	4775 	5727 	2952 	4170 	5865 	7295 	1833
7794 	5275 	4519 	7625 	8815 	5068 	2979 	6059 	5917 	642 	7478 	1390 	3472 	7913 	3523 	2588 	4182 	8773 	5975 	1493
5870 	4813 	993 	5514 	7019 	5667 	8289 	5487 	1285 	1772 	6644 	5063 	2608 	8266 	718 	8038 	4951 	6162 	1709 	8133
6808 	989 	1541 	2442 	2180 	6413 	3852 	8237 	5737 	615 	5869 	3761 	2487 	7347 	7226 	4262 	1570 	5045 	7144 	6859
8848 	1603 	8469 	8545 	6046 	4211 	8441 	1303 	5385 	4390 	7725 	4987 	4216 	2033 	3712 	4338 	7212 	8085 	2271 	5007
6625 	3996 	3329 	1550 	8420 	4600 	1999 	536 	7481 	1377 	7383 	2123 	7074 	896 	2116 	3350 	5234 	8150 	5558 	7801
5243 	1536 	5913 	2770 	8239 	8436 	1198 	3322 	8516 	5535 	2615 	6967 	5988 	517 	8379 	5620 	6258 	5197 	8432 	2441
655 	4446 	7209 	3723 	4752 	1024 	2239 	6571 	1550 	4459 	3808 	5290 	3835 	7397 	8251 	4518 	7135 	6255 	8025 	5050
4119 	5437 	3190 	2139 	8937 	2065 	5658 	6271 	3137 	3504 	1000 	1688 	5550 	4589 	5969 	6105 	7655 	5727 	700 	7195
7567 	5730 	1105 	5465 	4192 	2667 	5044 	8359 	872 	1995 	1598 	8083 	6997 	2436 	6115 	8143 	856 	1744 	1352 	6191
7307 	771 	6375 	1620 	3534 	5385 	2174 	8901 	8817 	2693 	655 	723 	4742 	980 	8863 	8897 	2933 	8578 	7083 	2616
8569 	3503 	888 	2066 	2298 	6152 	8901 	5757 	8185 	6033 	1025 	8346 	8922 	7497 	1253 	1765 	8632 	1636 	5189 	7265
2779 	4540 	1014 	6615 	5429 	6169 	8067 	7613 	1854 	1136 	8558 	1436 	8111 	5468 	7086 	8542 	7213 	4115 	8391 	4320
8517 	8289 	6147 	7028 	3607 	3857 	1705 	3357 	8535 	1600 	3389 	3256 	4105 	3571 	5217 	1110 	5335 	2541 	8982 	2851
2103 	2016 	3847 	8344 	3685 	791 	4560 	4397 	5696 	4843 	1271 	1758 	8835 	826 	1171 	8245 	3128 	4632 	2090 	7603
5863 	1793 	1598 	8730 	7615 	7425 	851 	6789 	7014 	6607 	8800 	4568 	1803 	2233 	5820 	8836 	2101 	745 	4031 	5128
6314 	1171 	5091 	7078 	6752 	3806 	4401 	6450 	4695 	2396 	7754 	4611 	4406 	4350 	5986 	8666 	7183 	8369 	6308 	4510
