1856	1499	1624	1839	1145	1953	1528	1671	1417	1497	1841	1632	1405	1065	1805	1580	1378	1216	1138	1605	
1923	1482	1699	1924	1834	1260	1659	1416	1871	1189	1306	1229	1627	1780	1139	1058	1382	1245	1347	1843	
1992	1358	1586	1565	1472	1076	1500	1122	1946	1246	1411	1548	1598	1853	1795	1828	1588	1218	1908	1018	
1856	1499	1624	1839	1145	1953	1528	1671	1417	1497	1841	1632	1405	1065	1805	1580	1378	1216	1138	1605	
1923	1482	1699	1924	1834	1260	1659	1416	1871	1189	1306	1229	1627	1780	1139	1058	1382	1245	1347	1843	
1992	1358	1586	1565	1472	1076	1500	1122	1946	1246	1411	1548	1598	1853	1795	1828	1588	1218	1908	1018		
1856	1499	1624	1839	1145	1953	1528	1671	1417	1497	1841	1632	1405	1065	1805	1580	1378	1216	1138	1605	
1923	1482	1699	1924	1834	1260	1659	1416	1871	1189	1306	1229	1627	1780	1139	1058	1382	1245	1347	1843	
1992	1358	1586	1565	1472	1076	1500	1122	1946	1246	1411	1548	1598	1853	1795	1828	1588	1218	1908	1018		
1923	1482	1699	1924	1834	1260	1659	1416	1871	1189	1306	1229	1627	1780	1139	1058	1382	1245	1347	1843	
1923	1482	1699	1924	1834	1260	1659	1416	1871	1189	1306	1229	1627	1780	1139	1058	1382	1245	1347	1843		