816 	673 	513 	568 	585 	563 	967 	633 	781 	603 	560 	912 	941 	960 	986 	596 	537 	609 	623 	772
770 	899 	953 	842 	653 	846 	822 	877 	844 	804 	710 	785 	605 	939 	619 	543 	550 	776 	570 	881
865 	580 	953 	757 	545 	616 	527 	638 	512 	616 	976 	546 	964 	583 	908 	720 	690 	991 	886 	869
872 	805 	937 	787 	594 	620 	625 	612 	665 	752 	945 	888 	838 	759 	988 	505 	628 	830 	1000 	766
760 	885 	518 	936 	870 	926 	586 	521 	991 	820 	778 	737 	892 	732 	729 	716 	946 	923 	713 	767
729 	790 	846 	673 	573 	936 	952 	828 	930 	769 	835 	906 	887 	845 	537 	972 	682 	834 	867 	740
856 	752 	774 	756 	846 	984 	990 	560 	726 	857 	754 	823 	663 	722 	894 	809 	717 	624 	889 	780
635 	653 	558 	851 	735 	931 	811 	585 	593 	612 	938 	707 	516 	684 	795 	832 	870 	759 	974 	975
552 	524 	772 	619 	688 	799 	775 	860 	575 	908 	958 	649 	580 	667 	637 	879 	655 	670 	888 	759
825 	676 	541 	676 	512 	764 	966 	571 	936 	821 	631 	843 	958 	973 	971 	996 	847 	957 	930 	970
549 	851 	801 	536 	913 	835 	916 	642 	608 	940 	801 	886 	929 	743 	851 	538 	717 	606 	1000 	898
870 	974 	747 	865 	960 	964 	552 	860 	721 	684 	842 	830 	535 	981 	935 	984 	605 	765 	900 	935
590 	537 	954 	801 	649 	957 	525 	864 	528 	983 	547 	564 	861 	780 	775 	962 	816 	570 	641 	684
695 	870 	833 	552 	953 	704 	547 	989 	749 	619 	507 	717 	679 	783 	708 	922 	926 	987 	846 	699
835 	564 	536 	712 	955 	541 	609 	984 	962 	710 	544 	977 	951 	629 	892 	764 	884 	590 	869 	989
666 	702 	626 	687 	812 	702 	738 	793 	705 	926 	855 	911 	568 	539 	865 	886 	966 	766 	844 	860
931 	712 	628 	742 	916 	979 	509 	529 	536 	643 	932 	863 	523 	915 	727 	952 	899 	799 	602 	581
805 	541 	765 	829 	989 	894 	946 	553 	514 	768 	923 	523 	580 	698 	891 	532 	629 	707 	610 	629
604 	703 	737 	869 	634 	586 	580 	646 	931 	981 	898 	849 	834 	823 	700 	883 	774 	727 	691 	969
810 	776 	762 	520 	933 	917 	672 	842 	671 	602 	751 	668 	619 	773 	911 	941 	737 	956 	920 	601
515 	844 	586 	896 	905 	821 	726 	731 	880 	611 	999 	640 	571 	762 	773 	662 	774 	545 	913 	531
779 	692 	773 	780 	810 	661 	676 	941 	538 	725 	896 	544 	992 	754 	511 	905 	721 	993 	719 	677
577 	673 	817 	970 	886 	756 	805 	547 	721 	982 	527 	851 	954 	822 	901 	519 	591 	739 	627 	558
517 	510 	595 	750 	802 	555 	976 	547 	879 	729 	534 	549 	993 	548 	649 	543 	607 	937 	773 	623
998 	502 	888 	643 	596 	629 	903 	910 	530 	735 	701 	972 	611 	501 	698 	548 	630 	672 	708 	733
817 	840 	726 	811 	611 	666 	781 	969 	885 	788 	891 	529 	616 	504 	719 	933 	506 	947 	520 	993
741 	644 	542 	607 	777 	895 	975 	620 	978 	944 	782 	705 	806 	936 	620 	646 	804 	731 	641 	747
843 	931 	509 	589 	861 	931 	636 	851 	916 	512 	699 	819 	900 	525 	533 	604 	945 	986 	941 	777
667 	857 	860 	633 	617 	641 	804 	561 	611 	888 	687 	980 	529 	956 	971 	738 	987 	683 	557 	731
617 	542 	745 	958 	501 	823 	577 	891 	926 	717 	999 	844 	879 	740 	711 	562 	668 	634 	933 	596
869 	510 	801 	500 	936 	915 	882 	531 	890 	867 	727 	862 	506 	813 	679 	756 	914 	770 	939 	769
871 	823 	625 	655 	742 	878 	935 	723 	933 	622 	513 	526 	891 	940 	988 	803 	891 	848 	856 	621
594 	996 	514 	970 	648 	776 	836 	913 	794 	942 	743 	654 	860 	921 	527 	857 	960 	685 	897 	605
597 	818 	752 	589 	559 	764 	748 	559 	974 	699 	777 	649 	861 	917 	757 	503 	837 	802 	989 	665
881 	937 	962 	712 	722 	916 	792 	524 	919 	548 	591 	870 	656 	728 	944 	884 	855 	732 	641 	508
846 	763 	695 	845 	597 	842 	517 	821 	649 	803 	501 	691 	514 	723 	982 	556 	579 	981 	532 	548
790 	988 	688 	981 	784 	954 	834 	540 	709 	772 	532 	696 	875 	539 	548 	689 	601 	843 	701 	773
756 	541 	801 	703 	702 	696 	933 	765 	788 	842 	816 	804 	718 	601 	583 	921 	980 	515 	508 	529
531 	556 	811 	811 	726 	982 	604 	897 	511 	822 	788 	807 	855 	608 	838 	745 	691 	585 	723 	682
587 	997 	592 	754 	966 	967 	593 	986 	780 	792 	743 	570 	906 	602 	653 	811 	526 	517 	704 	890
704 	582 	876 	634 	722 	737 	967 	635 	812 	613 	825 	707 	711 	560 	867 	731 	824 	943 	532 	684
960 	949 	507 	780 	872 	541 	594 	579 	916 	932 	891 	594 	972 	937 	535 	820 	575 	755 	625 	529
879 	853 	693 	758 	525 	763 	999 	962 	674 	782 	813 	933 	820 	513 	942 	506 	853 	734 	943 	917
696 	724 	884 	524 	755 	629 	513 	908 	976 	629 	826 	740 	634 	824 	703 	585 	843 	625 	554 	561
962 	813 	602 	807 	579 	899 	958 	887 	562 	517 	771 	672 	523 	602 	946 	500 	611 	646 	962 	870
1480 	1061 	1539 	1145 	1310 	1004 	1419 	1122 	1580 	1772 	1407 	1280 	1606 	1263 	1940 	1193 	1568 	1764 	1380 	1027
1926 	1238 	1563 	1086 	1690 	1568 	1317 	1835 	1230 	1045 	1097 	1652 	1420 	1264 	1106 	1860 	1227 	1663 	1378 	1359
1915 	1538 	1928 	1959 	1684 	1258 	1588 	1992 	1724 	1953 	1755 	1417 	1337 	1149 	1296 	1815 	1593 	1763 	1441 	1598
1402 	1666 	1039 	1124 	1435 	1305 	1065 	1028 	1518 	1769 	1417 	1713 	1161 	1547 	1564 	1059 	1069 	1969 	1541 	1625
1081 	1659 	1715 	1928 	1976 	1957 	1421 	1490 	1354 	1663 	1050 	1465 	1712 	1656 	1697 	1426 	1421 	1049 	1491 	1234
1568 	1885 	1671 	1347 	1692 	1056 	1181 	1448 	1214 	1387 	1476 	1960 	1660 	1571 	1702 	1320 	1327 	1954 	1773 	1706
1615 	1370 	1927 	1510 	1065 	1480 	1787 	1643 	1448 	1784 	1400 	1400 	1557 	1649 	1574 	1983 	1879 	1179 	1109 	1258
1316 	1418 	1349 	1289 	1113 	1982 	1758 	1255 	1075 	1820 	1232 	1454 	1821 	1053 	1483 	1215 	1565 	1064 	1473 	1643
1186 	1342 	1837 	1990 	1921 	1933 	1338 	1988 	1817 	1633 	1792 	1994 	1047 	1932 	1856 	1620 	1296 	1889 	1935 	1236
1044 	1021 	1104 	1714 	1263 	1315 	1903 	1155 	1082 	1593 	1325 	1428 	1217 	1607 	1799 	1976 	1433 	1664 	1230 	1431
1910 	1495 	1745 	1884 	1288 	1922 	1962 	1569 	1502 	1003 	1316 	1319 	1403 	1469 	1894 	1523 	1395 	1211 	1795 	1489
1657 	1892 	1817 	1083 	1858 	1202 	1187 	1028 	1512 	1374 	1446 	1930 	1402 	1191 	1945 	1142 	1694 	1455 	1797 	1675
1731 	1463 	1594 	1586 	1156 	1021 	1424 	1988 	1286 	1892 	1346 	1430 	1871 	1684 	1538 	1728 	1309 	1628 	1915 	1642
1095 	2000 	1765 	1892 	1813 	1219 	1228 	1708 	1008 	1422 	1479 	1710 	1395 	1115 	1738 	1830 	1957 	1415 	1492 	1666
1526 	1476 	1901 	1680 	1797 	1304 	1632 	1078 	1535 	1649 	1360 	1898 	1189 	1411 	1733 	1060 	1597 	1858 	1293 	1152
1436 	1699 	1146 	1243 	1524 	1228 	1847 	1214 	1096 	1892 	1557 	1640 	1571 	1125 	1154 	1016 	1540 	1799 	1467 	1593
1734 	1746 	1577 	1821 	1713 	1935 	1897 	1298 	1361 	1509 	1220 	1167 	1683 	1039 	1410 	1793 	1125 	1683 	1921 	1032
1884 	1067 	1319 	1813 	1669 	1178 	1532 	1488 	1816 	1891 	1459 	1431 	1864 	1256 	1280 	1109 	1831 	1950 	1281 	1503
1342 	1544 	1469 	1450 	1758 	1014 	1364 	1864 	1110 	1058 	1926 	1891 	1989 	1937 	1198 	1251 	1817 	1413 	1380 	1974
1159 	1646 	1704 	1874 	1923 	1562 	1670 	1148 	1159 	1967 	1333 	1907 	1617 	1673 	1557 	1539 	1983 	1889 	1054 	1884
1835 	1825 	1434 	1030 	1446 	1636 	1470 	1703 	1290 	1571 	1088 	1487 	1006 	1678 	1390 	1747 	1579 	1233 	1476 	1813
1591 	1737 	1823 	1424 	1262 	1232 	1341 	1233 	1172 	1184 	1554 	1940 	1991 	1829 	1858 	1205 	1562 	1730 	1158 	1452
1038 	1032 	1836 	1064 	1051 	1213 	1798 	1972 	1759 	1646 	1202 	1936 	1947 	1204 	1926 	1705 	1130 	1615 	1804 	1881
2284 	2609 	2702 	2477 	2851 	2488 	2659 	2732 	2613 	2649 	2886 	2277 	2504 	2390 	2578 	2993 	2234 	2961 	2686 	2803
2104 	2471 	2905 	2145 	2143 	2058 	2448 	2372 	2524 	2630 	2478 	2189 	2656 	2032 	2794 	2268 	2534 	2586 	2271 	2344
2852 	2167 	2447 	2150 	2046 	2666 	2083 	2353 	2587 	2592 	2297 	2879 	2443 	2940 	2271 	2366 	2803 	2743 	2089 	2214
2785 	2084 	2477 	2574 	2784 	2706 	2327 	2952 	2858 	2727 	2695 	2736 	2893 	2476 	2779 	2235 	2916 	2663 	2399 	2998
2525 	2229 	2351 	2788 	2300 	2599 	2532 	2556 	2582 	2312 	2746 	2703 	2854 	2982 	2638 	2307 	2508 	2362 	2589 	2413
2465 	2794 	2835 	2124 	2162 	2442 	2620 	2679 	2051 	2602 	2660 	2021 	2489 	2971 	2423 	2577 	2527 	2050 	2124 	2845
2552 	2234 	2025 	2580 	2027 	2445 	2722 	2496 	2162 	2421 	2380 	2367 	2241 	2505 	2864 	2147 	2726 	2252 	2927 	2573

