816 	673 	513 	568 	585 	563 	967 	633 	781 	603 	560 	912 	941 	960 	986 	596 	537 	609 	623 	772
770 	899 	953 	842 	653 	846 	822 	877 	844 	804 	710 	785 	605 	939 	619 	543 	550 	776 	570 	881
865 	580 	953 	757 	545 	616 	527 	638 	512 	616 	976 	546 	964 	583 	908 	720 	690 	991 	886 	869
872 	805 	937 	787 	594 	620 	625 	612 	665 	752 	945 	888 	838 	759 	988 	505 	628 	830 	1000 	766
760 	885 	518 	936 	870 	926 	586 	521 	991 	820 	778 	737 	892 	732 	729 	716 	946 	923 	713 	767
729 	790 	846 	673 	573 	936 	952 	828 	930 	769 	835 	906 	887 	845 	537 	972 	682 	834 	867 	740
856 	752 	774 	756 	846 	984 	990 	560 	726 	857 	754 	823 	663 	722 	894 	809 	717 	624 	889 	780
635 	653 	558 	851 	735 	931 	811 	585 	593 	612 	938 	707 	516 	684 	795 	832 	870 	759 	974 	975
552 	524 	772 	619 	688 	799 	775 	860 	575 	908 	958 	649 	580 	667 	637 	879 	655 	670 	888 	759
825 	676 	541 	676 	512 	764 	966 	571 	936 	821 	631 	843 	958 	973 	971 	996 	847 	957 	930 	970
549 	851 	801 	536 	913 	835 	916 	642 	608 	940 	801 	886 	929 	743 	851 	538 	717 	606 	1000 	898
870 	974 	747 	865 	960 	964 	552 	860 	721 	684 	842 	830 	535 	981 	935 	984 	605 	765 	900 	935
590 	537 	954 	801 	649 	957 	525 	864 	528 	983 	547 	564 	861 	780 	775 	962 	816 	570 	641 	684
695 	870 	833 	552 	953 	704 	547 	989 	749 	619 	507 	717 	679 	783 	708 	922 	926 	987 	846 	699
835 	564 	536 	712 	955 	541 	609 	984 	962 	710 	544 	977 	951 	629 	892 	764 	884 	590 	869 	989
666 	702 	626 	687 	812 	702 	738 	793 	705 	926 	855 	911 	568 	539 	865 	886 	966 	766 	844 	860
931 	712 	628 	742 	916 	979 	509 	529 	536 	643 	932 	863 	523 	915 	727 	952 	899 	799 	602 	581
805 	541 	765 	829 	989 	894 	946 	553 	514 	768 	923 	523 	580 	698 	891 	532 	629 	707 	610 	629
604 	703 	737 	869 	634 	586 	580 	646 	931 	981 	898 	849 	834 	823 	700 	883 	774 	727 	691 	969
810 	776 	762 	520 	933 	917 	672 	842 	671 	602 	751 	668 	619 	773 	911 	941 	737 	956 	920 	601
515 	844 	586 	896 	905 	821 	726 	731 	880 	611 	999 	640 	571 	762 	773 	662 	774 	545 	913 	531
779 	692 	773 	780 	810 	661 	676 	941 	538 	725 	896 	544 	992 	754 	511 	905 	721 	993 	719 	677
577 	673 	817 	970 	886 	756 	805 	547 	721 	982 	527 	851 	954 	822 	901 	519 	591 	739 	627 	558
517 	510 	595 	750 	802 	555 	976 	547 	879 	729 	534 	549 	993 	548 	649 	543 	607 	937 	773 	623
998 	502 	888 	643 	596 	629 	903 	910 	530 	735 	701 	972 	611 	501 	698 	548 	630 	672 	708 	733
817 	840 	726 	811 	611 	666 	781 	969 	885 	788 	891 	529 	616 	504 	719 	933 	506 	947 	520 	993
741 	644 	542 	607 	777 	895 	975 	620 	978 	944 	782 	705 	806 	936 	620 	646 	804 	731 	641 	747
843 	931 	509 	589 	861 	931 	636 	851 	916 	512 	699 	819 	900 	525 	533 	604 	945 	986 	941 	777
667 	857 	860 	633 	617 	641 	804 	561 	611 	888 	687 	980 	529 	956 	971 	738 	987 	683 	557 	731
617 	542 	745 	958 	501 	823 	577 	891 	926 	717 	999 	844 	879 	740 	711 	562 	668 	634 	933 	596
1077 	1593 	1516 	1999 	1982 	1217 	1202 	1729 	1486 	1895 	1382 	1591 	1613 	1901 	1696 	1810 	1946 	1665 	1348 	1853
1116 	1827 	1292 	1080 	1313 	1159 	1032 	1563 	1036 	1511 	1812 	1629 	1050 	1759 	1686 	1277 	1669 	1691 	1615 	1807
1894 	1061 	1765 	1984 	1814 	1419 	1341 	1300 	1446 	1059 	1226 	1357 	1346 	1626 	1348 	1233 	1734 	1343 	1405 	1340
1117 	1291 	1402 	1976 	1933 	1975 	1812 	1084 	1845 	1247 	1960 	1831 	1744 	1348 	1350 	1060 	1007 	1023 	1001 	1587
1003 	1052 	1545 	1817 	1710 	1232 	1325 	1035 	1942 	1739 	1562 	1789 	1128 	1430 	1690 	1226 	1043 	1267 	1735 	1524
1223 	1471 	1627 	1263 	1630 	1835 	1155 	1818 	1611 	2000 	1801 	1751 	1890 	1385 	1192 	1128 	1270 	1749 	1560 	1721
1460 	1786 	1946 	1543 	1844 	1911 	1111 	1996 	1277 	1224 	1777 	1688 	1342 	1703 	1404 	1699 	1530 	1679 	1735 	1884
1172 	1050 	1482 	1273 	1291 	1399 	1818 	1908 	1806 	1287 	1928 	1295 	1230 	1225 	1542 	1547 	1870 	1675 	1066 	1160
1535 	1366 	1439 	1514 	1446 	1475 	1824 	1073 	1247 	1827 	1218 	1432 	1788 	1671 	1916 	1043 	1320 	1170 	1346 	1407
1388 	1254 	1712 	1163 	1955 	1137 	1377 	1356 	1649 	1690 	1857 	1425 	1964 	1147 	1414 	1618 	1610 	1138 	1535 	1563
1180 	1962 	1968 	1682 	1854 	1941 	1540 	1451 	1216 	1219 	1861 	1846 	1456 	1765 	1488 	1800 	1091 	1515 	1133 	1869
1211 	1247 	1387 	1473 	1364 	1944 	1611 	1848 	1733 	1644 	1526 	1618 	1342 	1825 	1589 	1744 	1015 	1339 	1585 	1527
1760 	1015 	1278 	1654 	1924 	1160 	1796 	1779 	1144 	1868 	1352 	1229 	1456 	1223 	1669 	1334 	1316 	1498 	1769 	1741
1452 	1376 	1447 	1225 	1079 	1106 	1643 	1493 	1080 	1358 	1442 	1662 	1702 	1804 	1982 	1585 	1024 	1770 	1543 	1702
1650 	1526 	1065 	1700 	1690 	1520 	1316 	1817 	1208 	1709 	1896 	1148 	1194 	1474 	1631 	1857 	1943 	1391 	1299 	1308
2437 	2397 	2329 	2573 	2677 	2652 	2564 	2972 	2926 	2703 	2692 	2500 	2877 	2111 	2143 	2741 	2890 	2122 	2323 	2579
2868 	2885 	2378 	2609 	2858 	2676 	2675 	2328 	2540 	2282 	2791 	2269 	2768 	2138 	2470 	2518 	2247 	2203 	2777 	2043
2118 	2155 	2563 	2292 	2316 	2445 	2504 	2077 	2783 	2014 	2528 	2041 	2454 	2559 	2410 	2911 	2435 	2958 	2483 	2884
2770 	2364 	2503 	2972 	2696 	2871 	2226 	2814 	2025 	2657 	2790 	2234 	2667 	2444 	2501 	2726 	2250 	2059 	2938 	2088
2822 	2393 	2077 	2855 	2690 	2975 	2712 	2196 	2436 	2128 	2100 	2040 	2557 	2826 	2448 	2716 	2431 	2233 	2588 	2193
