2832 	2735 	2049 	2703 	2923 	2487 	2575 	2948 	2107 	2282 	2674 	2667 	2684 	2270 	2405 	2631 	2684 	2602 	2763 	2067
2741 	2463 	2901 	2322 	2273 	2180 	2472 	2443 	2424 	2865 	2045 	2073 	2488 	2656 	2802 	2517 	2999 	2576 	2991 	2536
2154 	2566 	2996 	2787 	2743 	2988 	2149 	2553 	2160 	2184 	2471 	2925 	2678 	2674 	2449 	2442 	2762 	2421 	2224 	2434
2502 	2874 	2314 	2370 	2115 	2514 	2221 	2745 	2322 	2546 	2515 	2081 	2692 	2693 	2797 	2472 	2985 	2317 	2730 	2608
2836 	2821 	2453 	2694 	2591 	2059 	2729 	2187 	2824 	2272 	2878 	2083 	2897 	2219 	2769 	2365 	2944 	2588 	2801 	2413
2378 	2361 	2302 	2283 	2502 	2851 	2252 	2384 	2330 	2871 	2618 	2689 	2815 	2554 	2026 	2891 	2612 	2219 	2360 	2445
2405 	2570 	2418 	2347 	2929 	2836 	2442 	2943 	2762 	2584 	2304 	2630 	2272 	2026 	2559 	2366 	2635 	2918 	2742 	2230
3000 	2290 	2788 	2379 	2034 	2102 	2427 	2056 	2541 	2737 	2832 	2638 	2435 	2445 	2950 	2692 	2014 	2968 	2954 	2537
2883 	2237 	2834 	2309 	2546 	2914 	2713 	2864 	2585 	2187 	2520 	2180 	2328 	2785 	2310 	2508 	2445 	2529 	2036 	2058
2312 	2673 	2364 	2506 	2308 	2326 	2200 	2756 	2619 	2056 	2474 	2635 	2929 	2215 	2920 	2093 	2743 	2091 	2955 	2249
2641 	2558 	2656 	2212 	2337 	2125 	2456 	2218 	2243 	2596 	2318 	2511 	2412 	2876 	2366 	2509 	2613 	2483 	2093 	2191
2995 	2062 	2270 	2557 	2742 	2850 	2111 	2208 	2397 	2738 	2454 	2993 	2135 	2639 	2894 	2741 	2276 	2821 	2078 	2945
2614 	2343 	2559 	2504 	2619 	2985 	2606 	2569 	2407 	2692 	2691 	2136 	2856 	2581 	2408 	2794 	2591 	2531 	2369 	2852
2689 	2242 	2371 	2129 	2389 	2932 	2173 	2325 	2369 	2487 	2291 	2668 	2794 	2136 	2615 	2446 	2421 	2961 	2745 	2389
2768 	2932 	2576 	2865 	2395 	2501 	2094 	2673 	2672 	2469 	2527 	2075 	2193 	2794 	2582 	2165 	2194 	2554 	2993 	2820
2712 	2798 	2896 	2161 	2690 	2553 	2284 	2421 	2511 	2711 	2272 	2899 	2584 	2663 	2291 	2976 	2411 	2252 	2776 	2858
2976 	2569 	2026 	2753 	2177 	2633 	2063 	2991 	2514 	2319 	2865 	2718 	2507 	2473 	2154 	2207 	2496 	2444 	2785 	2614
2610 	2761 	2698 	2103 	2524 	2524 	2128 	2152 	2872 	2581 	2869 	2842 	2518 	2781 	2492 	2782 	2129 	2280 	2561 	2907
2340 	2653 	2951 	2124 	2489 	2479 	2419 	2555 	2939 	2187 	2488 	2762 	2036 	2973 	2552 	2196 	2722 	2001 	2093 	2822
2109 	2084 	2578 	2230 	2240 	2251 	2783 	2743 	2488 	2615 	2318 	2992 	2331 	2107 	2054 	2855 	2053 	2971 	2516 	2513
2692 	2735 	2315 	2824 	2859 	2594 	2862 	2295 	2649 	2248 	2772 	2587 	2059 	2189 	2359 	2415 	2856 	2403 	2470 	2564
2181 	2374 	2623 	2055 	2188 	2486 	2270 	2105 	2431 	2121 	2661 	2476 	2266 	2709 	2459 	2174 	2213 	2548 	2058 	2485
2155 	2845 	2468 	2889 	2653 	2416 	3000 	2162 	2416 	2098 	2880 	2386 	2173 	2274 	2859 	2573 	2294 	2538 	2731 	2795
2956 	2538 	2772 	2296 	2107 	2253 	2627 	2866 	2965 	2403 	2764 	2600 	2660 	2448 	2463 	2345 	2418 	2284 	2881 	2552
2839 	2717 	2038 	2163 	2220 	2771 	2002 	2705 	2948 	2041 	2927 	2086 	2248 	2157 	2384 	2602 	2888 	2857 	2235 	2276
2218 	2082 	2987 	2911 	2498 	2123 	2925 	2015 	2414 	2238 	2675 	2499 	2344 	2809 	2143 	2462 	2853 	2930 	2944 	2300
2036 	2525 	2016 	2045 	2623 	2111 	2169 	2196 	2998 	2151 	2472 	2627 	2143 	2560 	2261 	2774 	2007 	2958 	2632 	2830
2336 	2010 	2797 	2530 	2397 	2325 	2343 	2424 	2306 	2501 	2603 	2325 	2878 	2621 	2322 	2171 	2844 	2858 	2534 	2389
2904 	2363 	2922 	2594 	2728 	2417 	2895 	2989 	2032 	2486 	2102 	2425 	2864 	2440 	2094 	2210 	2771 	2414 	2364 	2644
2090 	2003 	2086 	2548 	2327 	2340 	2610 	2035 	2208 	2489 	2717 	2802 	2297 	2125 	2074 	2888 	2207 	2231 	2304 	2285
2698 	2144 	2053 	2557 	2555 	2968 	2939 	2858 	2628 	2661 	2838 	2055 	2840 	2700 	2154 	3000 	2252 	2682 	2264 	2803
2647 	2801 	2693 	2026 	2914 	2557 	2019 	2225 	2765 	2843 	2874 	2336 	2781 	2576 	2798 	2819 	2831 	2138 	2836 	2762
2659 	2748 	2004 	2402 	2558 	2691 	2062 	2581 	2662 	2465 	2016 	2324 	2090 	2788 	2829 	2425 	2312 	2230 	2997 	2623
2033 	2519 	2072 	2456 	2201 	2438 	2000 	2997 	2239 	2702 	2821 	2420 	2758 	2558 	2465 	2011 	2359 	2802 	2618 	2370
2235 	2411 	2477 	2662 	2339 	2900 	2017 	2632 	2783 	2720 	2229 	2642 	2300 	2655 	2781 	2196 	2990 	2180 	2009 	2986
2488 	2920 	2217 	2759 	2303 	2652 	2613 	2409 	2969 	2636 	2170 	2343 	2160 	2235 	2023 	2080 	2390 	2538 	2709 	2993
2701 	2160 	2342 	2721 	2939 	2404 	2136 	2113 	2865 	2987 	2107 	2200 	2742 	2983 	2036 	2522 	2765 	2711 	2771 	2174
2328 	2353 	2902 	2879 	2194 	2412 	2128 	2037 	2461 	2898 	2984 	2121 	2423 	2086 	2171 	2293 	2029 	2030 	2533 	2156
2223 	2093 	2948 	2704 	2541 	2976 	2732 	2410 	2515 	2373 	2700 	2116 	2086 	2797 	2468 	2542 	2436 	2952 	2244 	2750
2448 	2917 	2965 	2584 	2616 	2363 	2209 	2223 	2141 	2623 	2241 	2781 	2955 	2028 	2981 	2922 	2544 	2207 	2746 	2740
2824 	2590 	2001 	2832 	2037 	2918 	2616 	2138 	2475 	2483 	2769 	2951 	2101 	2002 	2140 	2868 	2941 	2235 	2016 	2528
2533 	2764 	2457 	2550 	2856 	2412 	2320 	2484 	2222 	2708 	2869 	2956 	2974 	2508 	2044 	2762 	2599 	2367 	2857 	2852
2251 	2383 	2735 	2598 	2094 	2453 	2802 	2854 	2797 	2595 	2673 	2268 	2721 	2692 	2599 	2348 	2390 	2317 	2652 	2833
2732 	2828 	2755 	2463 	2057 	2554 	2910 	2600 	2797 	2834 	2600 	2238 	2810 	2494 	2038 	2623 	2936 	2650 	2574 	2049
2141 	2509 	2239 	2364 	2812 	2882 	2390 	2607 	2887 	2371 	2404 	2501 	2989 	2048 	2593 	2894 	2235 	2089 	2704 	2328
2627 	2920 	2374 	2056 	2913 	2411 	2973 	2199 	2275 	2317 	2355 	2672 	2953 	2840 	2569 	2770 	2007 	2814 	2228 	2663
2347 	2738 	2435 	2541 	2324 	2513 	2905 	2555 	2242 	2092 	2812 	2026 	2393 	2975 	2434 	2999 	2318 	2800 	2924 	2182
2737 	2111 	2029 	2847 	2281 	2281 	2742 	2649 	2918 	2237 	2680 	2964 	2111 	2687 	2238 	2005 	2015 	2052 	2621 	2698
2856 	2666 	2017 	2594 	2517 	2084 	2937 	2548 	2608 	2488 	2722 	2757 	2716 	2480 	2317 	2247 	2248 	2126 	2042 	2395
2399 	2461 	2029 	2622 	2118 	2861 	2887 	2295 	2089 	2393 	2153 	2622 	2389 	2043 	2778 	2951 	2902 	2587 	2013 	2114
