816 	673 	513 	568 	585 	563 	967 	633 	781 	603 	560 	912 	941 	960 	986 	596 	537 	609 	623 	772
770 	899 	953 	842 	653 	846 	822 	877 	844 	804 	710 	785 	605 	939 	619 	543 	550 	776 	570 	881
865 	580 	953 	757 	545 	616 	527 	638 	512 	616 	976 	546 	964 	583 	908 	720 	690 	991 	886 	869
872 	805 	937 	787 	594 	620 	625 	612 	665 	752 	945 	888 	838 	759 	988 	505 	628 	830 	1000 	766
760 	885 	518 	936 	870 	926 	586 	521 	991 	820 	778 	737 	892 	732 	729 	716 	946 	923 	713 	767
729 	790 	846 	673 	573 	936 	952 	828 	930 	769 	835 	906 	887 	845 	537 	972 	682 	834 	867 	740
856 	752 	774 	756 	846 	984 	990 	560 	726 	857 	754 	823 	663 	722 	894 	809 	717 	624 	889 	780
635 	653 	558 	851 	735 	931 	811 	585 	593 	612 	938 	707 	516 	684 	795 	832 	870 	759 	974 	975
552 	524 	772 	619 	688 	799 	775 	860 	575 	908 	958 	649 	580 	667 	637 	879 	655 	670 	888 	759
825 	676 	541 	676 	512 	764 	966 	571 	936 	821 	631 	843 	958 	973 	971 	996 	847 	957 	930 	970
549 	851 	801 	536 	913 	835 	916 	642 	608 	940 	801 	886 	929 	743 	851 	538 	717 	606 	1000 	898
870 	974 	747 	865 	960 	964 	552 	860 	721 	684 	842 	830 	535 	981 	935 	984 	605 	765 	900 	935
590 	537 	954 	801 	649 	957 	525 	864 	528 	983 	547 	564 	861 	780 	775 	962 	816 	570 	641 	684
695 	870 	833 	552 	953 	704 	547 	989 	749 	619 	507 	717 	679 	783 	708 	922 	926 	987 	846 	699
835 	564 	536 	712 	955 	541 	609 	984 	962 	710 	544 	977 	951 	629 	892 	764 	884 	590 	869 	989
666 	702 	626 	687 	812 	702 	738 	793 	705 	926 	855 	911 	568 	539 	865 	886 	966 	766 	844 	860
931 	712 	628 	742 	916 	979 	509 	529 	536 	643 	932 	863 	523 	915 	727 	952 	899 	799 	602 	581
805 	541 	765 	829 	989 	894 	946 	553 	514 	768 	923 	523 	580 	698 	891 	532 	629 	707 	610 	629
604 	703 	737 	869 	634 	586 	580 	646 	931 	981 	898 	849 	834 	823 	700 	883 	774 	727 	691 	969
810 	776 	762 	520 	933 	917 	672 	842 	671 	602 	751 	668 	619 	773 	911 	941 	737 	956 	920 	601
515 	844 	586 	896 	905 	821 	726 	731 	880 	611 	999 	640 	571 	762 	773 	662 	774 	545 	913 	531
779 	692 	773 	780 	810 	661 	676 	941 	538 	725 	896 	544 	992 	754 	511 	905 	721 	993 	719 	677
577 	673 	817 	970 	886 	756 	805 	547 	721 	982 	527 	851 	954 	822 	901 	519 	591 	739 	627 	558
517 	510 	595 	750 	802 	555 	976 	547 	879 	729 	534 	549 	993 	548 	649 	543 	607 	937 	773 	623
1102 	1309 	1759 	1881 	1166 	1499 	1761 	1921 	1985 	1226 	1321 	1444 	1862 	1686 	1499 	1593 	1450 	1063 	1435 	1691
1193 	1949 	1346 	1161 	1767 	1609 	1067 	1365 	1586 	1298 	1449 	1189 	1192 	1606 	1651 	1444 	1056 	1519 	1006 	1538
1605 	1374 	1469 	1161 	1210 	1547 	1133 	1937 	1483 	1203 	1560 	1825 	1165 	1704 	1452 	1799 	1729 	1221 	1580 	1654
1045 	1303 	1857 	1722 	1024 	1635 	1928 	1421 	1282 	1782 	1854 	1111 	1539 	1346 	1278 	1030 	1892 	1236 	1906 	1297
1626 	1448 	1823 	1165 	1598 	1566 	1891 	1942 	1201 	1407 	1612 	1781 	1540 	1598 	1867 	1378 	1917 	1103 	1868 	1299
1234 	1288 	1386 	1758 	1603 	1557 	1090 	1255 	1878 	1333 	1972 	1002 	1894 	1041 	1791 	1198 	1231 	1357 	1620 	1482
1093 	1471 	1907 	1749 	1216 	1601 	1912 	1023 	1257 	1988 	1436 	1081 	1466 	1284 	1973 	1820 	1520 	1545 	1120 	1427
1039 	1576 	1946 	1976 	1348 	1092 	1281 	1149 	1379 	1653 	1556 	1686 	1969 	1001 	1538 	1557 	1906 	1209 	1966 	1641
1080 	1600 	1036 	1243 	1896 	1551 	1901 	1554 	1702 	1728 	1071 	1522 	1560 	1751 	1886 	1087 	1665 	1637 	1560 	1916
1913 	1166 	1218 	1374 	1315 	1218 	1989 	1514 	1732 	1140 	1583 	1504 	1716 	1983 	1732 	1872 	1733 	1453 	1737 	1754
1878 	1713 	1459 	1797 	1926 	1850 	1397 	1276 	1936 	1963 	1961 	1752 	1067 	1877 	1392 	1856 	1659 	1876 	1324 	1718
1086 	1392 	1842 	1803 	1642 	1717 	1411 	1416 	1159 	1352 	1146 	1454 	1165 	1289 	1471 	1643 	1878 	1390 	1428 	1181
2436 	2790 	2969 	2085 	2714 	2483 	2200 	2623 	2453 	2088 	2168 	2365 	2491 	2123 	2189 	2574 	2560 	2173 	2571 	2668
2228 	2479 	2666 	2613 	2468 	2216 	2705 	2827 	2925 	2164 	2654 	2096 	2882 	2362 	2491 	2963 	2157 	2309 	2793 	2411
2356 	2503 	2926 	2184 	2411 	2083 	2069 	2767 	2894 	2411 	2637 	2448 	2626 	2953 	2911 	2054 	2844 	2422 	2349 	2859
2863 	2702 	2086 	2155 	2648 	2316 	2445 	2169 	2984 	2926 	2859 	2936 	2417 	2059 	2751 	2689 	2919 	2203 	2504 	2099

