113 127 106 109 118 110 101 112 137 149 148 109 149 147 136 134 147 136 133 103 137 127 123 105 
136 142 114 136 108 110 149 108 141 143 107 111 139 110 137 102 146 137 141 104 109 139 126 119 
126 138 116 137 150 125 118 128 125 121 101 102 104 116 124 102 140 103 132 126 137 115 134 115 
124 121 108 146 149 146 131 132 104 107 135 133 142 149 128 128 117 101 106 106 140 112 103 108 
107 112 101 110 115 128 107 147 145 124 106 137 108 139 113 141 105 141 105 147 118 107 146 119 
119 130 148 140 127 122 105 115 132 108 132 131 142 133 106 115 139 120 118 119 132 120 123 146 
123 113 102 114 128 137 107 104 123 106 130 108 110 101 141 115 103 149 110 150 116 144 127 140 
102 126 121 115 137 116 113 112 135 114 123 134 135 148 148 111 123 115 106 115 141 119 131 134 
129 102 147 116 129 138 129 144 117 144 150 120 122 115 149 111 119 137 149 114 125 106 128 136 
129 119 145 104 136 105 117 125 148 135 148 101 131 146 147 133 111 144 110 139 138 107 128 111 
115 119 113 102 127 129 134 131 127 144 143 149 142 131 128 106 142 103 126 143 143 140 103 138 
122 107 142 123 145 121 138 116 141 130 109 132 122 120 105 142 150 125 139 141 102 106 141 149 
104 137 112 132 122 127 127 103 115 114 137 113 132 116 126 102 104 112 112 110 109 109 138 147 
133 135 127 130 117 111 100 120 149 134 125 148 126 133 113 128 142 134 148 127 129 119 110 108 
117 115 136 104 118 140 105 149 137 135 124 110 110 140 127 116 130 150 132 104 125 145 139 102 
110 113 105 146 119 113 143 126 113 141 104 131 127 114 116 112 105 106 128 111 141 141 135 109 
149 129 111 133 117 147 129 147 140 114 132 108 107 130 129 138 107 131 105 148 121 125 138 148 
131 139 140 139 124 149 144 126 125 103 119 128 143 115 116 106 138 105 106 145 127 135 133 107 
112 103 116 141 113 147 150 113 120 126 120 110 134 131 146 148 106 125 104 127 101 147 108 128 
103 149 125 121 114 119 100 113 102 141 111 115 149 131 115 140 107 149 105 146 127 125 116 143 
134 108 120 108 106 113 100 113 144 143 121 123 112 135 115 147 127 136 124 130 132 133 143 129 
117 116 124 109 102 123 129 107 107 118 137 126 111 134 142 149 143 106 122 148 141 139 121 146 
125 124 118 141 129 112 148 138 131 105 111 142 116 117 122 103 145 108 111 148 113 126 148 149 
122 119 120 144 108 131 128 131 140 124 145 142 136 117 122 122 148 147 117 107 146 134 109 148 
105 110 146 148 126 141 112 143 100 114 131 147 127 139 131 103 131 130 113 146 146 121 143 119 
104 122 128 124 104 127 144 106 141 127 106 144 136 101 123 113 116 112 112 124 127 111 125 123 
140 146 146 132 109 119 140 142 128 141 125 114 104 112 139 125 123 113 129 134 122 141 130 137 
136 115 123 106 119 104 114 108 104 128 101 131 148 108 108 117 116 141 102 131 120 111 122 124 
147 122 146 140 118 145 103 125 121 140 145 132 109 125 129 117 120 124 134 114 122 132 120 125 
134 120 127 109 106 135 105 135 102 142 139 144 124 138 149 110 139 114 137 137 115 116 142 141 
110 109 109 133 139 119 146 133 143 129 107 142 108 129 147 143 133 134 109 127 124 125 126 135 
130 108 108 139 124 144 129 140 133 126 116 110 126 121 111 144 106 108 103 133 125 108 119 121 
104 122 138 110 100 125 105 141 121 131 123 132 115 144 134 135 148 129 134 123 135 100 113 127 
102 128 142 125 128 146 117 121 112 133 104 141 143 117 138 112 139 112 126 119 118 102 132 147 
134 115 143 150 111 123 134 111 145 129 135 144 121 116 126 115 106 134 146 135 118 126 120 107 
122 148 146 109 126 100 147 132 147 119 142 103 109 144 109 121 143 108 134 138 106 129 134 132 
143 123 125 114 133 111 101 103 141 134 115 149 115 101 111 124 139 147 110 123 150 149 134 122 
116 109 105 113 147 122 148 145 107 116 141 143 143 104 103 133 105 111 134 115 104 140 133 125 
118 124 121 112 144 141 136 150 107 112 135 129 133 149 106 116 124 139 146 124 125 103 134 127 
131 146 131 105 120 110 108 139 116 124 108 127 149 132 130 109 147 123 149 128 146 119 140 131 
124 114 108 130 135 106 149 146 106 128 131 123 111 107 135 116 101 113 128 120 135 130 141 108 
120 112 124 136 117 134 143 136 103 149 125 147 123 102 119 128 103 106 117 120 113 112 129 139 
141 141 125 120 150 128 113 145 127 150 103 141 101 129 133 134 142 129 140 112 101 112 139 120 
141 124 145 134 110 138 138 112 120 123 143 131 132 146 124 104 149 102 108 138 130 112 113 118 
117 103 104 103 102 125 148 124 103 113 106 127 103 110 102 102 148 138 142 115 128 116 150 136 
110 115 106 117 137 102 140 112 115 122 139 126 148 140 139 130 147 132 146 126 120 111 121 124 
129 111 113 134 150 123 129 106 144 105 120 101 111 117 136 110 148 132 106 109 110 101 125 109 
124 103 121 110 130 120 118 136 125 102 137 137 144 145 128 126 108 148 146 138 118 117 104 114 
117 109 114 133 126 142 102 149 137 102 119 104 110 147 104 121 115 101 107 101 107 142 102 147 
146 118 118 135 113 138 139 125 124 150 138 128 113 119 114 149 111 150 122 109 107 126 138 131 
116 111 133 119 144 142 111 146 101 128 117 101 101 133 146 131 139 112 131 110 134 106 116 101 
100 147 115 101 104 105 148 124 143 141 114 138 136 133 135 118 133 116 139 136 107 115 102 145 
114 103 140 119 105 128 140 135 109 117 110 113 130 130 138 105 124 141 147 100 105 101 134 113 
128 135 109 117 132 138 119 148 143 114 116 110 118 104 107 106 150 142 148 128 129 138 108 113 
112 145 144 132 126 122 119 125 119 146 145 142 127 144 110 121 131 119 134 139 147 136 141 132 
112 105 124 115 120 147 113 110 105 108 144 132 141 144 107 132 142 101 119 113 148 147 103 143 
107 102 102 105 120 144 134 136 124 127 144 122 115 141 131 122 103 148 128 109 126 133 144 134 
107 136 125 130 126 125 104 121 135 108 126 137 125 112 112 131 116 105 143 111 129 112 125 126 
124 128 132 122 101 110 113 143 108 107 142 129 126 106 110 138 130 121 127 137 130 120 144 112 
137 103 146 149 145 148 107 140 124 104 114 122 147 139 150 123 138 135 146 118 119 111 128 132 
125 112 104 113 144 136 112 144 116 142 135 148 133 123 102 114 102 108 115 137 118 117 108 125 
103 136 126 121 136 140 132 145 130 122 142 122 134 109 121 103 127 137 110 101 106 136 115 113 
119 139 125 114 106 110 122 131 138 120 148 113 139 111 132 107 148 105 138 109 134 148 112 111 
105 134 107 126 141 148 141 115 113 101 144 104 106 150 122 141 118 122 120 110 135 101 138 124 
141 115 103 145 115 124 131 129 107 107 107 148 137 124 130 141 111 144 100 107 131 113 146 112 
123 145 102 111 135 134 120 119 142 145 133 117 145 148 140 144 129 136 104 147 136 120 104 101 
142 103 112 106 120 120 108 144 105 148 126 132 124 121 129 122 119 116 123 114 104 115 131 108 
117 105 119 137 131 121 117 130 105 134 102 109 109 114 106 127 147 137 103 100 120 147 102 108 
141 118 126 121 149 145 139 129 133 139 111 116 133 136 123 126 128 107 111 136 142 110 143 122 
130 100 145 138 143 112 135 135 138 148 124 104 127 116 110 108 120 139 146 144 134 129 135 141 
137 141 112 110 137 125 135 103 148 101 123 107 124 119 141 133 120 146 136 104 141 109 110 128 
112 125 104 140 121 113 144 122 115 148 125 146 145 125 128 149 120 114 133 143 124 114 117 147 
139 140 136 117 109 145 145 145 105 125 149 119 144 139 132 143 123 118 132 136 121 107 112 127 
105 117 111 148 142 124 105 120 101 131 116 144 136 122 118 125 112 113 144 129 122 134 134 103 
106 108 137 146 132 144 136 136 117 127 145 128 137 146 113 138 134 132 148 122 121 107 148 135 
135 148 107 143 114 137 103 108 113 135 135 145 127 119 118 146 134 142 142 131 134 138 119 113 
148 108 101 116 124 124 135 131 126 112 134 145 131 146 124 113 109 112 122 105 143 118 115 133 
122 126 139 137 145 105 143 130 102 116 104 110 131 141 119 145 100 102 109 122 149 147 131 113 
137 136 113 129 129 117 131 123 138 106 119 101 128 142 109 126 118 143 109 141 114 115 148 128 
101 117 116 102 125 114 115 128 138 130 102 100 101 121 135 125 102 101 124 132 103 119 107 137 
143 145 108 144 102 122 141 138 114 147 109 141 109 137 143 143 106 131 130 113 112 104 125 128 
106 118 119 144 115 123 109 137 114 136 142 136 139 106 102 126 132 113 121 116 108 120 121 102 
113 127 144 118 113 148 141 133 134 139 110 137 102 144 133 120 123 127 121 107 148 110 135 129 
116 105 128 111 104 115 108 138 112 100 119 107 119 132 127 146 118 111 149 139 103 118 106 146 
131 116 133 112 101 120 105 106 113 122 118 107 112 113 129 120 111 112 112 104 122 119 100 116 
109 133 109 143 128 114 130 127 130 127 113 105 127 150 107 131 119 111 148 122 150 131 138 140 
130 145 134 103 105 150 110 124 138 145 140 150 116 122 143 119 108 148 150 130 128 136 125 126 
140 106 115 147 148 105 138 100 116 139 112 110 105 127 104 120 130 121 136 103 106 143 136 105 
117 119 110 113 144 122 150 106 112 115 116 139 115 126 137 102 113 134 150 128 131 105 144 118 
120 104 100 133 143 130 115 140 130 126 141 145 117 148 141 115 109 113 112 109 102 129 117 138 
118 105 147 149 123 134 118 127 114 147 106 139 101 124 119 139 110 132 147 128 102 142 142 116 
111 129 143 108 119 133 149 129 149 107 111 142 119 142 102 148 104 100 115 135 139 145 126 113 
123 126 140 108 137 107 144 129 115 133 144 119 143 131 102 112 111 105 117 142 121 129 129 106 
137 103 137 135 120 129 126 111 101 104 117 118 101 110 148 122 103 128 105 148 138 127 113 131 
106 123 131 139 102 103 100 145 120 120 146 142 124 120 131 107 107 110 112 116 131 124 134 148 
104 140 138 107 115 126 147 128 149 125 116 118 129 122 149 113 141 132 146 139 111 108 137 143 
100 127 120 124 136 113 118 135 104 103 141 108 149 123 110 127 132 111 148 146 120 129 107 102 
132 125 132 129 135 116 142 112 148 116 105 114 111 123 123 125 120 150 110 102 141 142 120 126 
139 148 132 115 111 144 114 139 130 129 105 118 111 141 107 102 140 104 116 104 101 121 138 114 
103 104 105 115 133 127 112 138 107 118 115 125 122 106 138 124 144 105 137 111 124 144 124 133 
