140 110 119 114 109 127 136 106 110 103 118 130 141 112 108 125 109 142 119 144 128 106 135 147 
114 118 123 125 145 148 144 108 114 148 122 132 114 137 110 115 122 149 122 116 131 132 135 147 
136 109 133 127 126 114 147 136 140 147 145 119 149 137 106 142 143 122 107 106 128 111 122 106 
109 128 146 117 119 113 123 105 131 149 143 103 122 134 147 128 140 135 145 143 132 104 132 103 
117 143 133 103 110 147 122 106 125 108 133 138 100 126 127 108 107 121 123 104 101 104 102 109 
101 132 141 110 136 106 119 116 115 116 139 133 139 144 122 145 130 124 127 114 128 138 118 128 
101 126 128 129 146 104 145 142 145 103 113 137 142 143 135 139 121 134 102 142 120 138 107 101 
102 115 145 101 127 103 140 145 136 141 110 133 104 100 140 103 148 114 113 127 135 147 133 107 
137 108 104 101 106 144 147 137 103 118 133 111 107 102 130 133 131 112 134 112 147 129 145 127 
100 118 138 113 116 116 112 119 143 115 145 144 106 144 117 139 143 104 137 107 128 128 130 102 
123 143 141 146 139 139 129 138 122 101 135 146 119 112 133 128 120 131 109 106 103 125 106 109 
144 118 113 137 112 128 150 132 123 130 110 135 147 130 128 145 127 112 121 131 122 140 135 128 
105 124 125 112 115 121 131 148 104 115 141 125 111 141 133 117 137 109 123 142 107 141 121 131 
138 113 146 121 113 145 146 148 110 139 134 121 111 150 106 150 109 104 141 109 115 139 121 102 
125 134 133 127 138 139 133 135 148 107 103 101 105 148 147 132 135 143 149 108 127 100 149 139 
101 135 137 134 124 114 116 121 116 127 121 143 106 111 107 150 137 134 148 133 146 134 140 140 
132 106 126 108 124 127 102 110 138 135 120 136 104 115 144 138 126 110 116 116 136 148 111 106 
135 110 112 137 139 141 107 127 118 149 121 103 108 134 143 114 113 103 112 133 107 145 124 137 
116 145 107 142 130 140 110 112 134 112 111 140 101 103 128 136 141 125 106 110 142 116 150 101 
112 144 129 116 132 139 124 106 112 126 104 122 127 110 123 144 108 121 116 105 128 135 141 138 
144 114 138 124 109 147 113 108 133 110 149 134 139 113 133 132 113 115 109 103 120 106 142 133 
120 108 113 128 111 123 111 120 126 109 114 104 127 121 102 148 148 140 123 137 117 147 120 137 
110 133 124 115 119 138 143 108 140 125 122 122 101 113 141 122 110 104 144 111 113 138 128 146 
116 147 138 112 141 126 149 117 150 147 118 112 115 119 100 130 110 144 102 110 117 103 136 132 
106 139 109 100 148 145 109 135 150 108 133 126 143 129 146 131 145 113 137 109 143 103 103 133 
103 146 126 111 117 125 119 118 121 130 128 109 140 126 133 138 128 104 115 110 123 120 107 143 
140 109 127 124 150 126 117 116 144 108 137 128 108 144 142 120 130 117 122 144 136 140 122 111 
110 109 118 102 111 131 120 106 130 130 137 114 102 140 149 127 119 147 115 142 112 137 102 142 
136 147 126 123 142 107 146 130 150 126 122 134 137 110 121 106 116 124 140 117 106 109 112 106 
139 102 141 148 130 139 107 135 132 116 104 113 130 103 138 134 109 130 113 122 137 102 116 148 
126 132 148 138 120 141 137 122 109 129 112 143 103 130 135 142 120 105 115 118 107 145 107 107 
122 105 101 105 125 141 137 146 127 125 120 140 114 135 140 113 135 138 102 117 130 123 104 134 
123 125 126 119 128 131 104 125 113 133 130 134 102 142 113 111 137 146 131 133 142 110 134 125 
145 132 131 141 132 105 131 149 147 149 123 115 108 129 133 139 102 135 145 110 122 136 129 143 
143 148 135 112 149 106 142 150 148 144 123 107 110 122 149 131 149 106 129 107 139 118 116 117 
127 107 106 125 103 110 143 118 111 134 128 148 139 111 116 116 100 132 124 116 120 125 119 121 
145 117 118 145 101 122 110 133 104 112 100 149 149 147 150 124 102 141 113 125 135 109 145 128 
119 111 118 118 124 103 147 143 134 138 126 107 130 105 118 105 144 116 107 122 103 115 144 107 
137 138 113 129 148 117 123 102 146 146 135 101 116 123 145 148 149 144 118 147 127 106 102 134 
111 131 113 139 122 106 134 105 110 106 138 140 140 119 111 109 113 142 119 128 129 124 148 146 
135 121 149 131 127 131 101 145 143 150 124 143 131 123 108 138 102 133 144 117 133 112 104 111 
104 129 143 131 150 148 124 100 101 106 132 121 111 140 142 123 113 139 132 111 145 122 146 148 
144 102 103 141 132 141 140 103 121 105 119 142 135 136 143 117 141 125 100 124 118 135 106 104 
142 124 126 145 130 100 134 137 134 127 112 100 128 140 120 147 147 123 118 143 126 113 137 129 
147 129 119 123 112 102 140 116 116 133 108 111 115 135 128 107 148 146 109 132 124 120 117 119 
110 130 127 143 107 130 116 142 121 138 103 118 147 149 123 113 147 131 107 125 110 121 122 147 
105 108 139 111 138 107 143 139 147 108 120 127 128 100 132 116 142 128 129 118 126 145 129 119 
138 113 142 148 118 112 104 127 134 112 115 138 127 134 113 117 120 112 116 139 111 140 142 112 
126 119 100 126 121 108 140 113 149 138 137 120 147 110 129 132 133 148 133 129 142 126 106 138 
127 105 147 125 119 107 125 123 145 115 110 131 131 144 113 122 109 126 137 100 130 101 126 101 
136 132 138 106 149 145 133 105 118 106 121 119 117 139 140 122 138 145 107 145 103 140 141 108 
129 139 116 107 133 148 117 120 127 149 133 132 138 123 101 122 108 121 136 132 139 147 148 143 
124 148 105 144 139 147 121 105 120 124 149 106 120 127 127 109 104 142 100 104 143 104 122 140 
144 135 144 146 149 145 120 124 120 115 105 105 117 124 113 112 104 102 118 101 122 120 102 110 
142 147 110 140 150 133 134 141 114 101 115 145 107 101 103 147 101 128 102 148 149 124 108 130 
128 107 134 122 146 147 119 128 107 138 135 120 112 144 109 129 115 131 150 112 132 115 134 125 
117 146 101 122 148 135 139 102 130 123 144 111 140 113 104 119 124 110 119 123 119 100 120 119 
116 130 147 113 119 115 106 141 106 149 134 145 142 119 148 101 101 126 150 118 107 142 144 128 
135 123 133 116 104 133 107 128 121 142 116 138 147 146 127 138 106 124 119 143 138 147 149 118 
149 122 121 132 122 119 150 131 117 137 148 144 113 131 136 108 136 132 139 139 100 104 141 108 
122 103 129 142 135 146 142 104 118 134 107 129 143 127 124 120 144 105 141 121 114 127 118 142 
130 129 137 119 127 131 136 130 142 105 104 101 139 130 125 108 142 146 104 101 125 135 119 147 
104 109 117 114 118 141 120 129 149 115 134 125 104 148 112 112 143 124 113 106 128 145 112 116 
122 136 117 105 134 142 110 109 110 100 116 138 134 115 129 126 132 115 120 130 106 150 141 126 
115 117 121 110 113 104 144 137 127 118 124 144 116 111 148 139 116 140 131 140 143 106 119 132 
125 131 115 129 112 141 136 149 117 142 104 115 106 127 105 147 119 133 142 111 102 109 133 143 
129 134 121 141 103 121 112 133 144 137 135 123 124 127 112 104 145 103 107 119 131 133 134 126 
109 136 139 127 131 100 124 144 125 125 125 125 120 111 144 138 138 116 104 110 132 148 150 145 
146 131 117 102 140 126 142 147 126 133 148 128 108 128 105 114 113 134 127 125 108 106 127 117 
106 147 119 125 124 126 113 149 132 129 118 113 124 134 121 113 130 124 132 107 121 111 144 119 
148 144 118 116 103 105 115 143 110 146 112 129 103 148 108 104 142 109 113 111 132 149 115 101 
125 140 149 150 104 127 115 104 146 141 113 104 131 115 117 130 137 107 119 144 101 105 101 100 
110 131 131 106 131 116 129 145 122 132 115 128 102 105 106 137 146 105 113 111 116 141 113 119 
114 137 140 149 141 135 130 115 123 140 146 143 122 124 143 130 108 111 116 136 134 113 135 143 
128 147 118 116 101 127 114 123 126 146 101 113 103 109 123 105 141 111 141 148 102 140 129 130 
103 136 125 128 107 148 115 143 123 150 144 148 107 139 131 110 123 139 126 138 139 122 105 144 
110 131 119 110 132 104 114 145 130 104 116 111 132 124 115 148 130 105 136 120 147 109 135 148 
141 103 142 144 133 130 120 113 122 144 118 124 146 113 144 140 127 138 126 132 134 110 129 145 
127 103 130 117 144 124 123 136 110 145 150 112 119 139 138 139 134 135 127 131 120 114 145 139 
111 127 120 115 122 124 134 134 140 123 119 143 141 112 133 104 123 133 134 123 145 146 124 132 
128 124 148 101 131 140 142 108 139 115 108 104 146 115 111 122 101 121 120 101 118 133 103 141 
147 134 128 144 133 129 100 128 129 149 111 132 127 102 121 147 130 139 103 101 119 108 103 107 
116 118 130 137 104 120 145 141 138 102 132 119 147 131 110 124 117 112 139 130 135 124 143 128 
119 120 140 102 123 140 131 121 129 142 148 129 142 115 147 141 107 122 119 107 107 104 133 119 
140 114 110 102 130 136 105 136 130 150 137 140 129 150 109 116 135 113 136 123 104 107 147 107 
129 142 106 123 101 147 146 106 128 143 121 144 145 113 111 106 135 133 114 121 109 117 110 106 
143 136 131 126 102 125 140 129 113 116 117 126 150 143 142 103 112 116 104 134 139 111 130 113 
119 121 149 115 148 101 123 103 142 137 114 143 105 127 149 101 113 145 142 107 122 150 141 101 
132 118 141 113 107 108 113 111 143 108 101 144 114 132 127 109 114 105 118 116 103 133 131 121 
139 111 107 129 145 139 103 148 102 137 123 133 149 142 105 121 113 114 117 124 115 144 144 103 
100 127 148 112 119 122 148 120 130 120 136 118 126 136 146 139 129 108 119 139 128 103 112 122 
137 127 149 149 116 123 113 131 111 133 140 116 124 116 128 108 107 139 113 147 106 104 106 105 
120 100 139 111 139 117 111 139 144 141 118 133 106 139 149 145 143 129 130 114 103 120 127 110 
148 136 101 132 135 142 105 104 102 105 145 105 122 142 119 131 147 146 130 150 106 136 107 140 
144 138 113 139 116 112 150 105 141 120 150 113 124 115 111 106 134 127 120 140 124 148 103 133 
105 115 136 120 140 124 148 149 122 142 111 105 114 132 105 117 108 128 114 101 122 148 104 135 
117 120 128 133 115 115 146 141 141 147 146 101 142 116 101 123 117 118 135 148 102 120 127 101 
113 115 118 112 119 115 142 110 116 131 130 148 101 117 110 106 103 101 100 128 126 118 128 130 
108 127 149 113 103 106 136 136 128 142 116 107 116 125 122 128 118 134 148 125 140 112 101 118 
127 139 124 149 147 116 140 135 131 103 136 147 125 148 102 110 147 119 110 132 137 115 144 110 
147 122 129 124 103 132 133 148 105 113 146 116 115 118 107 145 140 147 109 136 119 123 110 111 
150 140 111 106 145 135 129 134 131 146 107 116 141 119 142 138 146 106 116 127 110 141 126 147 
126 107 129 141 102 115 125 118 116 121 105 112 105 142 127 128 113 103 120 116 148 121 148 136 
143 118 110 108 146 101 132 145 126 125 116 142 109 102 105 136 140 144 117 134 145 132 137 108 
116 126 124 128 123 121 124 140 131 108 103 110 135 100 115 100 140 123 112 126 121 149 112 138 
143 143 124 146 125 138 117 117 107 122 105 129 136 136 104 133 110 131 128 141 101 120 131 122 
143 142 150 124 116 145 132 103 140 142 119 102 101 110 102 113 111 113 142 113 146 149 102 124 
100 130 141 113 144 107 119 103 102 130 113 149 142 141 136 106 102 148 125 127 132 113 111 111 
127 122 127 127 105 102 123 138 113 121 139 120 103 111 111 113 136 134 101 142 129 140 141 105 
119 135 112 101 103 107 121 117 137 116 122 110 132 133 129 103 109 135 115 140 121 128 102 133 
135 136 144 101 148 139 132 132 116 138 106 104 134 143 121 122 128 141 128 133 123 116 102 140 
120 106 133 112 112 136 108 148 120 144 116 129 134 111 116 132 117 137 108 148 145 150 133 141 
146 114 147 138 114 101 107 101 103 110 134 135 119 136 135 134 108 131 150 118 143 103 146 102 
109 101 104 125 120 121 124 147 121 110 144 128 147 149 108 110 112 104 103 100 133 138 139 148 
128 124 100 140 117 116 128 127 103 123 132 138 122 109 120 115 122 103 117 104 132 126 134 102 
111 117 134 134 105 104 144 118 132 140 109 135 101 102 137 124 103 114 145 143 106 106 119 109 
125 105 106 104 115 142 137 111 134 136 143 133 110 136 101 129 112 131 118 150 107 149 133 128 
117 136 124 142 134 144 107 122 128 103 108 145 136 133 110 106 104 147 130 109 112 113 107 116 
112 117 132 130 122 118 122 131 123 145 144 113 138 123 119 115 112 149 141 108 100 110 102 138 
142 123 147 123 127 131 118 100 143 130 138 104 132 138 124 124 129 129 136 109 134 108 108 103 
110 149 110 132 136 142 131 121 137 114 109 125 138 145 110 128 147 100 112 129 125 139 131 131 
142 146 105 141 138 114 105 149 114 105 120 148 112 143 146 126 104 135 112 147 109 102 147 112 
111 145 140 121 116 147 129 104 130 118 138 117 127 146 133 101 146 149 139 122 100 120 143 118 
104 108 140 136 148 137 142 118 130 108 126 104 102 117 104 107 134 111 122 136 107 137 125 129 
117 136 112 141 141 101 130 146 102 147 137 148 123 106 123 108 123 103 111 139 131 126 112 106 
137 134 109 120 123 141 133 117 144 129 127 104 108 134 139 130 137 147 115 136 123 130 146 123 
147 143 133 123 116 112 141 113 122 121 128 110 125 117 145 101 114 145 128 111 117 117 142 104 
131 129 122 135 125 130 111 128 108 140 145 118 146 109 125 117 143 122 147 149 132 122 149 107 
144 135 129 101 146 146 112 101 106 123 104 108 107 120 122 145 128 138 125 150 103 144 106 130 
131 144 143 126 148 146 147 143 103 131 128 141 148 148 142 146 146 108 119 129 111 140 106 100 
111 102 144 139 125 117 103 122 115 138 111 113 122 105 118 134 117 132 120 118 113 120 103 139 
115 104 103 126 111 104 123 105 149 109 127 145 120 145 122 113 133 138 129 102 114 130 132 113 
141 140 114 124 133 122 113 101 117 108 131 117 122 131 133 149 146 137 119 103 131 103 120 108 
146 103 125 148 109 102 116 113 115 105 144 147 115 112 100 110 111 134 135 103 114 137 108 141 
127 103 147 115 147 106 122 141 103 150 136 106 134 144 117 150 138 109 135 110 150 140 114 139 
125 104 113 102 134 125 146 141 149 103 136 135 122 107 133 109 104 150 127 119 116 112 114 117 
122 108 117 111 119 131 142 145 123 134 149 143 108 124 138 109 123 100 125 112 135 129 102 116 
115 112 102 109 102 129 135 122 114 121 137 109 114 128 125 113 115 124 121 101 117 125 129 136 
121 115 124 127 106 106 137 109 131 126 119 115 118 129 122 125 103 117 125 117 149 131 115 136 
123 148 121 139 101 126 133 136 143 113 135 134 107 124 119 117 143 148 105 134 137 142 140 129 
142 105 107 138 124 132 149 114 144 144 114 145 131 114 146 136 132 144 114 146 134 109 113 141 
146 143 119 107 142 136 146 120 104 124 123 106 141 113 104 136 115 149 105 124 117 109 113 113 
137 134 134 127 109 115 138 144 110 119 114 108 138 105 149 102 102 132 132 125 114 123 115 121 
130 142 101 132 127 101 140 136 124 120 149 129 106 113 127 139 140 123 105 139 120 109 130 141 
102 143 137 104 139 127 141 110 146 133 129 121 147 140 108 102 147 141 110 132 108 132 140 125 
140 124 133 109 131 110 150 101 133 119 142 104 102 141 124 149 105 149 144 123 146 125 135 125 
106 128 128 132 120 147 131 133 131 104 124 134 135 115 115 133 107 107 116 119 147 121 108 135 
146 125 149 143 144 143 147 130 112 141 137 134 141 118 111 108 109 150 108 118 121 113 145 116 
127 128 111 119 140 103 101 149 115 143 106 146 121 106 134 135 103 111 109 136 120 129 113 104 
113 137 133 145 126 113 131 146 108 118 125 141 129 140 137 149 135 123 148 144 131 143 119 146 
110 125 118 119 122 126 104 119 139 122 124 118 141 136 104 120 134 115 112 124 114 146 143 109 
115 106 100 140 123 139 120 141 114 118 106 139 145 109 149 134 103 134 105 148 132 102 150 135 
127 149 102 148 107 128 104 104 119 102 136 115 145 122 114 114 118 114 143 114 132 119 128 106 
105 107 105 143 101 119 117 115 109 130 111 128 146 130 123 105 126 120 145 114 116 103 104 109 
104 108 143 114 134 125 148 102 144 123 128 149 149 123 138 112 116 140 105 149 112 124 139 112 
145 113 147 139 137 114 129 116 103 113 130 147 126 118 106 143 131 105 113 133 141 117 138 134 
114 119 119 103 142 140 136 148 129 115 107 138 104 101 130 101 105 144 101 102 120 147 106 137 
104 146 102 131 122 109 102 143 110 104 113 135 138 117 115 146 143 132 145 140 126 108 114 104 
127 109 135 137 130 108 121 125 142 107 150 128 128 103 139 139 119 121 143 126 140 131 100 137 
120 127 105 148 133 118 119 120 122 147 117 117 136 133 107 116 127 104 142 104 103 135 142 101 
124 121 123 135 134 142 108 142 133 112 117 128 145 145 125 146 147 119 144 103 145 131 118 126 
112 143 107 120 108 115 110 125 147 121 136 135 117 131 107 108 104 138 111 146 136 117 123 113 
126 146 140 143 109 124 118 118 130 116 128 106 143 115 101 113 105 142 104 107 112 135 139 149 
122 131 131 107 145 122 123 130 112 145 125 109 139 141 150 141 114 131 113 103 104 109 107 115 
130 148 147 125 131 142 124 133 102 133 148 147 141 140 123 120 106 125 124 137 116 149 144 119 
107 111 104 102 101 108 112 113 130 136 147 147 140 126 131 124 105 143 127 119 140 139 122 110 
116 120 131 115 106 101 134 140 125 126 140 127 119 106 106 115 105 124 117 101 124 138 138 120 
147 150 140 133 114 109 131 122 123 129 130 124 127 119 124 145 125 134 125 133 135 112 101 139 
109 142 110 130 148 144 102 140 115 128 126 145 110 101 142 110 146 107 148 127 110 136 148 117 
117 122 143 140 132 144 146 109 115 119 136 126 125 115 114 116 132 123 111 148 112 122 137 147 
104 105 129 104 113 133 136 120 128 141 115 121 109 117 138 136 132 121 123 120 126 116 121 129 
121 141 121 109 104 116 107 120 133 105 142 147 137 130 129 140 116 101 121 145 101 129 137 114 
111 145 137 122 146 144 136 102 116 140 142 105 134 110 113 112 147 111 149 145 139 123 142 121 
135 104 109 113 138 104 133 103 121 101 138 109 120 117 104 136 130 115 136 120 131 146 148 149 
103 141 116 125 146 126 126 104 146 135 111 147 113 129 105 125 149 108 100 118 133 116 114 149 
118 140 109 128 118 129 107 130 116 111 127 138 118 107 139 120 138 105 107 132 142 146 139 146 
129 130 124 128 138 119 116 117 138 106 119 133 122 107 148 124 123 127 101 104 116 130 150 125 
132 133 138 102 132 134 142 120 142 112 150 104 117 146 132 112 120 112 144 108 143 117 102 105 
146 124 105 144 111 140 112 140 105 142 122 131 143 107 102 126 140 125 122 137 148 142 122 140 
127 149 145 137 118 119 145 141 107 105 115 125 100 106 120 144 148 142 116 120 102 147 108 106 
107 102 106 128 114 122 146 133 118 145 129 100 131 140 106 134 141 130 136 146 123 108 131 105 
132 125 132 139 117 144 110 108 121 125 145 133 125 104 132 136 116 100 116 115 129 107 134 112 
111 102 108 126 122 129 120 126 120 148 100 113 142 138 132 121 121 119 133 146 124 104 136 144 
119 130 148 125 140 142 109 110 122 112 129 147 109 137 102 134 135 128 131 113 142 104 141 115 
118 136 124 144 106 120 107 145 114 147 110 138 131 147 112 118 134 124 111 139 128 134 142 113 
121 125 133 145 103 144 108 133 114 149 144 122 130 124 105 109 143 108 137 117 124 147 131 115 
130 113 101 123 120 135 118 150 108 137 123 137 100 126 119 125 110 136 110 134 135 102 107 123 
116 149 133 117 113 123 132 109 122 110 139 144 136 116 140 118 127 136 146 133 111 119 147 141 
124 122 143 131 102 140 130 132 123 123 133 127 123 108 120 126 124 133 128 118 102 146 107 122 
121 104 130 124 127 139 108 119 105 119 128 150 118 113 139 132 103 143 117 104 131 120 102 101 
111 132 141 116 134 131 129 130 113 131 110 145 122 132 129 124 146 113 132 104 142 128 113 103 
104 117 124 119 122 106 105 114 134 127 142 102 101 100 133 120 116 142 136 110 111 115 113 137 
146 103 118 121 118 110 109 102 148 141 119 140 108 127 135 130 134 144 147 126 137 145 134 111 
103 149 137 103 119 118 101 143 129 141 108 132 138 141 127 149 144 134 102 123 142 102 145 141 
106 108 136 111 108 111 146 112 113 128 139 114 143 118 135 122 104 122 146 112 109 149 121 119 
106 131 125 105 131 140 148 149 115 130 121 142 125 134 144 149 122 118 125 131 114 132 125 138 
131 120 113 115 112 101 118 132 113 119 107 135 149 135 129 113 107 147 107 106 111 129 132 116 
104 103 102 129 117 103 113 125 133 131 143 120 123 135 128 136 124 128 146 121 104 104 112 129 
124 109 109 128 107 133 105 105 146 104 113 105 148 141 134 129 114 108 135 111 121 106 110 103 
143 118 133 113 148 124 123 128 120 121 112 116 145 140 113 149 109 119 103 125 132 114 132 149 
118 104 115 126 104 119 133 114 134 121 120 148 145 123 104 109 124 131 140 144 108 140 126 113 
149 111 129 104 138 132 124 119 147 109 106 137 105 125 144 150 131 127 127 133 133 117 126 130 
100 115 116 144 143 112 148 129 122 145 131 102 139 140 116 105 124 137 136 145 102 101 133 128 
107 126 112 137 138 101 106 146 120 126 128 145 128 110 128 135 107 131 139 109 130 106 112 139 
106 120 105 118 138 149 141 145 134 144 134 132 140 139 116 102 120 121 141 112 134 102 130 119 
112 110 142 135 141 109 134 110 149 142 149 126 130 127 129 112 101 134 114 129 135 149 103 116 
115 109 116 135 139 110 141 104 144 145 149 102 149 132 130 102 122 133 105 138 132 143 140 149 
123 116 103 117 148 147 149 123 119 137 118 115 144 100 139 137 122 108 105 128 146 143 145 134 
122 103 122 101 106 142 116 116 111 113 143 104 100 130 137 112 102 126 134 111 134 118 107 129 
137 122 104 120 148 144 128 100 135 135 126 139 130 145 108 109 130 143 134 105 122 123 113 114 
109 118 135 118 146 133 143 145 121 146 104 111 115 102 102 106 103 122 137 135 113 138 141 147 
120 107 144 133 116 112 103 144 120 105 141 117 128 121 129 142 109 120 138 101 108 144 123 108 
137 107 131 124 110 114 132 110 102 125 128 132 122 133 124 138 117 128 137 107 109 110 142 107 
104 145 135 143 110 141 148 106 132 122 103 129 138 106 147 128 149 133 138 125 130 115 101 143 
149 106 132 146 109 115 120 149 137 133 125 135 137 100 149 129 130 126 131 102 136 133 123 122 
146 112 140 145 146 117 129 103 142 136 128 139 102 129 125 136 139 138 110 108 150 103 122 125 
134 145 144 114 131 134 127 141 105 136 124 131 104 116 137 105 117 122 132 132 134 109 106 134 
146 148 126 115 122 146 108 149 121 112 130 142 104 109 119 103 132 106 123 110 133 147 103 109 
101 120 121 144 136 120 116 145 121 123 105 121 103 126 101 104 111 103 107 108 101 107 121 131 
136 139 125 141 118 144 120 146 142 126 102 110 136 120 122 149 111 135 143 138 130 133 118 131 
123 129 130 121 147 118 126 147 145 109 135 103 115 124 104 149 127 113 134 120 124 101 124 143 
119 108 110 120 144 136 107 144 148 126 109 111 114 108 118 105 123 136 142 135 116 131 114 149 
139 124 134 107 116 126 115 127 108 106 116 149 103 127 116 123 106 139 125 124 130 112 129 135 
131 124 133 120 111 125 115 109 125 107 146 139 122 123 146 143 126 120 128 124 148 104 103 149 
113 116 138 107 148 118 107 130 139 150 104 132 107 117 140 115 113 106 103 101 101 116 142 119 
112 109 126 100 113 113 105 149 145 144 106 148 105 114 131 134 146 105 127 119 134 110 104 117 
119 100 141 142 135 123 114 104 113 143 127 128 145 138 145 129 103 142 150 114 140 117 124 136 
140 130 114 143 117 141 120 114 116 142 116 111 136 138 123 106 149 133 141 143 111 140 105 116 
123 144 112 143 106 120 114 101 113 107 129 122 135 115 114 146 148 147 113 143 115 123 146 134 
124 129 139 104 117 143 131 149 147 145 124 132 135 129 103 115 123 149 103 117 137 149 135 133 
143 134 115 105 141 150 137 138 143 102 118 133 123 125 104 113 129 133 122 124 103 100 128 125 
114 136 101 119 107 107 121 112 125 111 113 127 109 132 145 143 127 141 111 103 101 110 100 131 
105 134 108 148 140 130 128 122 122 107 129 143 126 140 116 128 132 117 123 147 105 121 125 143 
122 132 104 127 106 102 107 106 106 147 115 109 149 145 102 135 145 147 107 113 135 129 130 122 
128 111 149 148 114 141 102 138 118 106 102 100 136 126 136 102 120 138 121 128 118 141 130 120 
107 129 126 102 104 118 103 121 116 108 147 147 141 131 138 122 111 123 137 135 146 118 136 143 
107 121 113 129 133 120 134 147 116 149 115 121 141 106 124 127 104 123 138 134 121 129 143 125 
116 114 137 102 113 116 112 144 113 105 101 127 144 132 141 138 137 118 105 111 111 139 138 105 
120 106 126 110 135 118 140 100 134 118 140 119 103 141 131 104 137 130 134 120 128 111 148 111 
147 100 142 127 142 141 118 122 121 132 106 131 120 108 129 112 115 120 105 139 129 148 145 144 
141 105 109 128 102 119 137 113 108 101 103 131 150 114 120 138 115 141 133 139 141 132 103 127 
119 145 129 143 120 103 149 147 113 147 141 130 140 129 140 116 122 108 107 129 143 116 105 144 
115 127 134 109 147 127 109 103 135 140 108 122 132 131 145 146 137 124 123 103 134 118 148 147 
103 130 133 110 141 108 149 148 114 127 122 132 139 132 113 127 141 121 106 124 114 102 112 113 
102 138 143 113 112 106 131 137 137 134 131 139 139 141 109 122 139 107 112 108 134 120 116 103 
120 105 113 137 122 118 113 148 119 120 145 103 145 142 148 102 144 135 137 138 120 141 134 132 
124 108 133 133 128 139 115 147 126 102 114 132 133 104 113 121 132 114 145 133 118 147 114 137 
150 137 137 134 118 106 134 131 118 127 140 139 112 104 120 117 141 107 101 149 107 148 143 106 
135 120 144 116 144 150 112 102 140 120 132 143 137 136 137 101 148 112 134 133 131 132 115 110 
149 133 135 138 102 140 110 123 135 131 144 112 121 129 107 114 133 129 149 109 108 129 112 136 
142 148 123 135 107 134 127 147 142 105 116 148 142 107 119 128 114 121 111 113 104 100 111 132 
137 116 111 144 109 118 124 137 131 148 132 118 142 102 132 113 137 145 139 116 125 108 128 149 
149 138 137 132 114 104 149 103 120 124 143 119 127 108 105 147 122 140 124 148 143 149 129 146 
142 117 117 105 141 120 120 130 118 138 108 146 106 149 119 142 119 129 144 149 119 119 116 141 
110 108 111 121 127 149 144 127 116 110 137 143 134 124 111 112 121 130 114 131 127 146 107 127 
107 132 146 137 133 120 108 116 139 128 116 104 141 123 103 116 136 129 129 114 117 102 117 132 
139 108 116 104 139 150 103 139 106 143 130 108 115 124 140 129 119 114 142 121 123 133 140 146 
112 136 127 147 137 118 118 104 101 147 109 109 124 149 116 145 102 120 138 101 127 121 141 138 
140 147 129 147 118 117 114 108 145 137 137 101 137 112 121 112 149 135 136 109 103 103 133 145 
108 114 140 109 110 121 126 138 135 122 126 143 140 127 122 141 101 121 147 110 123 138 126 148 
148 121 104 122 102 132 138 103 128 101 148 113 148 144 107 102 143 135 149 146 139 123 112 122 
114 101 144 116 123 100 138 101 104 145 142 114 108 108 124 143 122 126 126 129 133 103 110 120 
127 120 149 109 111 110 150 104 108 101 125 115 108 147 131 147 125 132 124 136 144 138 108 133 
119 141 110 140 128 102 137 139 134 141 123 138 116 123 131 108 111 145 114 138 149 107 114 137 
139 132 126 110 122 111 143 128 132 141 115 137 131 117 132 148 110 127 129 134 138 124 147 105 
112 149 126 148 136 127 144 135 103 103 143 124 117 130 134 105 120 106 106 113 139 140 143 122 
117 118 103 132 106 132 145 114 132 106 128 123 141 114 139 111 121 109 101 118 123 106 102 107 
108 142 109 142 113 114 138 110 142 146 117 134 148 120 147 135 137 128 107 148 131 123 144 127 
108 101 125 120 123 145 147 125 142 114 124 129 142 127 116 121 116 129 100 108 115 149 110 139 
148 133 129 103 131 146 143 124 100 111 150 143 148 136 113 146 110 142 139 141 105 147 126 115 
124 109 147 118 138 110 144 110 110 138 111 105 141 100 127 117 124 138 134 116 147 143 102 136 
105 133 149 101 140 114 127 144 123 142 134 118 146 111 121 131 103 142 126 141 100 119 101 128 
105 140 127 126 144 140 138 128 136 128 112 122 101 125 102 139 102 134 135 141 127 116 143 122 
107 119 122 113 147 138 107 130 139 121 128 110 109 105 129 117 144 132 120 104 128 130 126 146 
150 132 132 135 147 138 106 135 117 108 139 123 137 138 129 133 148 120 106 140 117 105 135 143 
118 112 110 113 108 112 125 124 115 117 131 105 107 121 112 135 105 148 114 117 106 131 114 124 
150 101 109 113 115 137 129 134 106 130 129 130 139 133 144 123 126 133 127 102 114 136 133 148 
136 122 105 116 131 102 134 105 120 143 131 141 133 117 111 145 129 134 145 132 148 122 109 132 
147 138 116 109 141 115 127 140 130 141 147 115 101 144 148 134 107 125 125 141 103 117 127 142 
149 148 116 136 150 111 141 114 100 134 112 134 141 146 102 115 130 137 124 113 125 101 117 113 
146 120 118 120 117 108 124 149 129 109 101 136 112 127 122 144 124 111 107 146 114 103 128 148 
110 101 124 107 148 105 122 128 120 131 121 120 146 144 122 130 147 108 125 143 124 130 107 101 
140 132 139 117 118 144 102 130 144 121 110 133 115 116 121 134 130 133 101 101 103 108 126 132 
113 127 142 122 104 101 139 107 117 128 102 108 133 146 113 149 119 122 133 147 136 110 119 102 
103 107 136 136 103 143 138 124 132 131 101 136 119 134 111 111 132 131 114 109 130 143 105 137 
148 104 143 124 100 119 130 149 109 133 136 143 135 146 122 134 117 105 109 129 145 122 136 136 
140 117 130 129 128 117 143 105 135 133 104 139 137 121 139 135 126 130 104 131 116 108 120 139 
103 141 142 118 132 148 103 111 131 143 105 137 113 138 123 130 139 128 113 112 133 126 121 146 
101 141 149 135 116 148 113 104 112 134 116 132 120 122 148 116 102 136 107 144 149 100 139 101 
135 103 106 141 147 117 149 136 117 126 104 107 112 108 138 124 118 112 146 103 101 124 112 114 
112 134 135 101 146 113 149 100 135 102 128 149 120 140 114 116 105 147 136 104 110 137 148 106 
108 133 108 100 132 138 111 147 104 124 128 131 120 138 134 148 146 141 146 113 144 142 133 143 
109 113 113 126 102 134 133 116 150 118 112 124 103 145 146 123 116 131 136 122 108 133 117 139 
134 146 109 114 120 109 120 108 100 111 114 108 138 134 127 113 102 146 104 140 148 110 118 101 
144 106 124 114 134 135 122 132 143 142 119 117 130 108 143 127 141 104 150 106 132 100 124 140 
133 135 142 124 108 122 144 136 106 116 147 141 122 102 143 138 105 142 140 116 144 122 143 126 
149 113 120 139 132 110 146 112 129 142 150 148 100 132 117 115 110 134 107 115 109 103 105 112 
104 139 113 118 139 143 147 136 110 108 131 125 131 144 100 105 114 140 139 116 126 143 125 144 
112 128 117 121 111 107 131 137 144 139 121 138 108 108 129 128 144 150 111 123 132 129 150 149 
111 117 118 111 139 101 109 144 135 147 121 101 134 118 101 120 106 105 102 133 130 141 130 103 
117 126 119 120 114 123 124 110 104 109 109 125 107 129 135 131 132 113 101 146 142 120 121 125 
121 145 114 143 130 139 117 130 109 142 114 120 141 107 133 135 106 142 109 105 128 120 101 112 
148 112 145 135 119 113 135 115 126 101 148 131 144 113 147 138 122 107 118 136 130 120 133 138 
123 121 107 141 142 126 104 122 136 126 111 122 132 100 138 141 133 136 146 120 132 127 136 101 
100 127 128 124 116 105 139 141 114 115 147 149 148 145 104 111 120 131 140 128 147 132 144 129 
141 125 107 135 146 136 117 132 140 141 132 126 113 141 138 111 108 104 142 119 113 112 138 138 
109 127 120 125 142 140 145 122 150 147 109 137 138 127 109 117 104 112 122 110 128 134 107 150 
118 109 136 147 144 136 134 102 114 136 150 133 121 130 128 118 127 116 119 118 131 105 128 108 
140 115 108 104 129 111 123 135 105 138 123 129 143 141 125 141 107 133 105 102 131 119 138 106 
117 129 108 136 127 134 102 110 139 126 133 140 105 101 127 106 141 122 106 147 128 106 113 112 
140 142 101 104 119 123 144 112 111 148 116 107 124 128 135 119 101 110 138 141 132 132 144 105 
124 104 112 107 143 150 132 136 105 120 105 121 105 149 101 130 106 145 113 141 130 136 122 115 
103 114 122 108 135 112 138 116 143 130 110 134 127 124 115 136 101 147 103 137 139 134 114 117 
122 136 117 132 125 133 110 148 107 101 111 115 107 125 133 103 138 134 122 103 120 150 105 123 
146 118 114 123 118 130 104 128 113 123 107 149 130 111 117 126 128 143 117 142 117 118 124 149 
121 132 133 135 134 110 121 139 142 129 149 128 101 149 119 111 135 131 133 123 114 114 142 108 
148 108 109 116 126 138 143 146 132 108 116 131 115 135 120 144 141 118 133 119 120 146 101 137 
108 102 138 138 115 129 130 140 126 150 119 102 106 122 122 134 110 105 134 115 107 142 115 103 
104 101 113 117 147 113 100 147 129 126 112 116 149 128 138 144 119 146 112 140 145 137 104 139 
103 111 111 121 116 126 135 132 121 115 125 139 106 116 136 139 137 136 117 111 126 102 145 110 
140 139 148 135 119 120 114 114 133 102 147 132 122 149 139 128 121 104 105 138 141 132 112 104 
129 147 142 145 115 103 121 131 124 123 144 144 102 115 116 124 111 126 126 119 147 124 134 115 
137 112 106 139 122 144 134 119 122 142 122 149 107 133 137 145 144 136 144 119 132 110 132 141 
150 149 135 130 117 113 136 131 120 116 113 126 119 122 119 133 115 114 149 149 127 131 132 124 
122 144 125 142 123 133 104 128 129 138 128 132 125 108 134 115 105 120 104 140 107 120 110 109 
108 101 141 111 104 115 125 110 144 136 118 116 131 135 107 132 108 103 138 146 148 124 105 149 
123 142 114 109 139 109 145 111 113 131 149 121 128 120 130 108 127 107 119 105 116 130 116 118 
142 133 140 137 108 136 129 145 114 105 102 141 100 119 114 142 117 105 129 132 118 136 120 123 
128 103 102 122 109 136 117 113 143 140 120 105 137 122 101 136 144 123 113 111 131 129 127 137 
150 142 148 102 136 147 141 100 112 105 136 117 124 113 124 143 148 146 133 122 142 146 145 112 
119 142 142 106 135 102 129 148 145 112 104 127 102 122 125 111 114 121 147 118 122 102 140 123 
128 119 123 122 120 103 131 113 144 130 150 104 146 128 112 136 104 130 138 139 102 103 106 147 
104 125 132 118 125 115 123 144 106 115 132 141 117 103 137 115 145 113 124 123 143 112 129 108 
112 142 148 136 112 142 134 105 101 144 125 116 132 121 101 114 122 119 117 103 149 116 111 121 
125 117 147 104 109 112 109 108 102 115 104 130 102 145 136 127 137 149 109 105 131 140 132 146 
141 129 113 114 112 104 139 148 135 106 106 102 103 131 120 103 116 128 109 127 108 107 134 140 
121 144 130 113 112 127 124 147 124 148 147 144 145 115 107 118 134 120 110 125 115 150 136 125 
122 106 117 125 141 150 108 146 102 104 112 138 137 116 144 109 137 125 103 124 146 121 115 146 
103 116 102 123 140 124 146 110 128 117 146 146 104 117 107 109 136 115 122 140 146 103 133 147 
119 139 134 129 139 107 143 129 111 106 126 126 132 117 124 135 142 101 140 129 103 108 116 144 
146 111 133 131 126 141 123 135 142 143 130 121 131 109 110 137 128 147 137 135 126 142 136 109 
143 119 135 116 114 117 122 108 139 118 136 112 124 127 148 149 130 101 128 134 132 104 146 150 
140 126 118 112 148 101 113 110 139 135 122 145 147 126 123 139 121 136 109 111 112 139 110 107 
117 125 126 118 116 149 148 145 111 107 142 113 130 122 106 127 134 109 114 136 108 140 145 142 
106 135 126 125 148 128 140 102 117 118 103 123 139 120 149 141 150 112 138 135 126 149 106 145 
141 133 104 132 115 129 106 131 137 140 123 109 144 106 116 148 134 111 123 143 145 102 131 133 
121 115 105 149 120 134 107 140 147 122 135 135 109 114 131 118 143 119 114 113 128 132 125 115 
129 101 111 102 140 126 139 134 112 128 124 143 148 120 117 112 125 105 113 149 123 107 113 100 
109 126 102 119 108 108 128 118 130 143 105 142 150 109 144 110 145 143 123 109 107 135 126 126 
103 109 117 118 142 104 129 100 137 139 145 139 135 111 122 109 101 136 130 115 134 144 108 126 
142 119 144 130 120 130 118 104 120 103 118 111 118 118 106 106 110 146 119 142 121 137 106 113 
102 115 107 121 103 138 148 127 140 122 102 126 101 116 136 110 148 134 141 117 135 122 130 108 
107 136 134 102 148 136 145 117 106 136 116 147 131 101 102 134 100 115 102 136 119 108 146 140 
103 117 126 130 123 135 116 141 118 142 144 135 137 106 133 114 110 120 116 105 119 137 137 127 
130 142 104 109 110 105 148 115 106 123 100 142 121 116 117 117 104 121 115 136 106 126 108 135 
104 138 101 122 110 129 122 141 139 125 134 147 144 141 146 114 102 122 133 126 142 147 141 125 
116 103 139 119 142 101 115 142 129 103 120 131 103 132 134 148 109 146 149 136 137 114 106 117 
121 117 106 131 135 128 114 108 108 123 145 106 107 147 122 118 145 106 141 106 115 112 126 150 
106 142 106 144 116 130 125 143 145 135 124 117 103 111 145 110 147 114 114 118 109 131 133 103 
144 109 111 103 149 131 140 118 141 138 116 105 133 140 141 138 117 118 131 147 114 143 140 115 
133 142 147 112 110 112 149 135 114 130 123 102 105 140 123 131 141 141 120 108 128 131 101 117 
110 109 124 126 116 101 113 130 107 101 124 120 144 128 140 140 104 136 130 139 144 117 138 113 
107 126 142 138 145 115 122 101 139 144 114 135 101 134 104 131 122 146 120 138 130 134 148 117 
134 126 107 104 104 105 129 123 130 127 110 112 145 115 104 105 125 138 145 126 118 104 141 148 
150 137 119 116 137 145 113 132 118 129 120 122 113 104 138 146 106 127 119 124 118 107 100 128 
110 126 105 111 139 119 107 104 101 124 128 149 145 122 126 104 117 134 132 147 104 105 115 131 
100 141 143 128 103 110 124 144 118 101 140 146 122 127 149 106 135 139 143 111 113 111 103 146 
111 137 126 149 125 135 133 128 109 114 100 128 145 120 116 139 125 105 120 125 127 104 145 134 
126 134 109 148 141 132 140 102 109 122 113 104 110 140 105 130 125 102 118 121 112 105 111 100 
118 117 101 115 124 142 119 129 128 119 138 116 133 123 133 136 118 108 146 133 137 131 143 110 
103 118 146 132 111 140 145 105 108 140 140 149 115 139 103 132 136 104 119 119 113 120 143 124 
149 133 140 140 146 115 129 112 120 114 119 105 101 149 127 112 102 144 109 113 143 138 103 122 
102 133 139 149 139 105 103 141 138 143 128 102 148 143 120 138 144 126 123 142 105 142 147 146 
106 101 109 136 107 115 111 109 149 130 137 128 116 138 139 149 108 135 131 109 147 140 122 138 
145 111 109 140 124 104 145 142 148 127 134 126 128 120 119 120 135 132 128 141 111 102 131 138 
132 142 121 149 147 101 145 149 109 134 107 133 107 134 121 131 139 120 135 114 111 113 138 136 
116 130 110 129 115 136 129 115 149 124 132 103 119 126 123 135 104 110 138 130 105 137 100 128 
136 150 134 139 109 109 104 137 112 110 132 127 111 131 114 142 124 106 127 131 115 112 126 125 
141 142 132 103 146 110 149 126 106 145 139 140 138 108 148 137 120 140 106 106 133 112 114 124 
119 119 113 108 130 140 125 101 144 111 137 128 140 130 137 131 142 135 107 142 140 143 109 122 
125 108 122 105 136 133 118 101 150 137 100 119 121 115 105 139 105 111 138 121 149 148 100 101 
127 136 109 148 150 113 147 142 122 116 113 128 103 111 142 136 105 117 121 145 115 104 129 149 
106 144 119 130 148 123 110 137 147 143 141 126 106 127 106 149 121 111 117 127 117 121 137 104 
108 138 144 102 127 126 102 109 130 105 125 124 140 113 131 121 102 117 144 149 115 137 131 137 
118 133 142 147 118 127 109 128 131 140 132 129 123 141 136 112 126 123 131 130 119 116 138 105 
127 123 113 134 118 132 131 127 104 147 129 109 122 131 133 124 109 113 115 131 135 140 115 146 
120 148 101 125 137 105 131 102 101 123 111 131 102 125 141 113 133 136 120 101 130 101 112 134 
107 136 146 113 122 130 106 140 132 143 104 119 114 120 147 121 112 112 136 113 116 144 140 143 
133 140 116 120 149 121 147 122 129 116 121 124 137 131 124 101 141 120 129 104 107 107 128 110 
122 106 136 112 135 119 110 117 124 141 147 108 100 121 145 103 134 128 141 140 142 105 100 102 
147 132 148 133 119 106 128 143 130 135 117 111 120 119 104 116 126 108 132 141 135 123 139 145 
102 104 123 111 118 103 139 121 135 108 132 115 115 140 135 109 137 128 113 133 139 148 110 100 
130 132 144 122 150 124 149 145 146 118 120 143 131 100 138 134 138 148 111 103 139 105 130 103 
109 106 148 128 126 126 112 143 105 115 126 113 148 141 146 128 128 131 131 141 100 137 148 146 
106 106 142 131 122 108 101 113 143 117 150 116 146 134 108 122 119 111 101 130 108 144 116 130 
119 129 115 145 103 107 140 140 114 134 120 107 102 108 113 109 129 129 113 119 109 102 121 105 
149 116 141 131 143 101 126 141 118 106 108 124 149 146 119 108 131 117 145 149 134 102 112 134 
114 113 116 109 136 143 114 144 144 104 128 104 116 112 135 141 113 113 134 109 136 121 135 143 
131 113 136 122 107 116 149 142 118 142 133 139 121 149 105 111 143 116 118 103 106 103 111 142 
146 137 119 137 120 119 101 131 106 147 140 133 106 146 139 135 146 119 148 137 146 128 128 136 
136 102 107 146 122 109 144 124 127 147 109 138 125 138 104 134 135 142 103 116 127 143 123 107 
104 125 119 145 144 139 103 101 130 109 142 144 112 118 108 127 149 131 129 122 109 125 122 135 
142 113 130 122 141 103 138 128 112 102 144 104 115 136 144 123 109 119 139 146 134 110 129 136 
149 134 102 123 129 113 134 121 118 106 148 107 106 109 126 135 117 145 121 148 137 106 126 147 
106 137 143 127 116 142 146 125 126 149 107 135 103 112 139 130 124 137 126 123 135 116 102 123 
109 142 117 140 135 106 147 133 108 136 145 125 121 142 126 143 102 103 149 149 124 150 115 131 
115 128 131 107 108 146 114 130 134 108 129 112 138 104 146 149 126 137 146 134 111 143 128 105 
138 101 121 146 128 107 139 120 101 149 149 118 136 119 111 130 110 132 147 103 101 117 114 103 
108 105 119 139 110 127 118 128 147 109 116 136 103 110 145 107 107 108 144 127 123 147 104 120 
136 108 120 150 113 101 108 139 101 137 124 106 122 110 130 122 110 148 143 143 104 117 141 104 
144 136 127 106 134 125 130 109 113 130 123 127 112 140 116 123 117 148 122 125 138 134 136 131 
135 132 141 148 121 108 124 113 116 130 113 120 108 115 121 108 101 127 113 131 104 133 121 130 
147 114 141 144 109 106 102 118 128 103 144 126 138 126 141 120 141 141 144 110 119 138 110 118 
140 105 102 125 120 137 115 139 124 106 137 108 101 133 111 107 101 127 143 137 102 111 107 130 
109 111 146 138 145 112 103 120 108 134 113 125 135 102 112 115 138 136 111 104 117 117 118 121 
142 128 100 112 131 147 116 104 149 116 146 122 128 143 137 114 139 140 103 138 130 112 115 104 
149 139 118 143 105 139 121 120 121 128 115 144 134 142 105 104 146 149 134 129 138 111 149 108 
136 140 117 104 105 126 126 117 103 117 139 104 126 101 123 145 113 137 136 130 122 124 121 130 
146 118 132 108 142 112 136 106 133 133 110 133 148 111 113 124 143 126 138 120 115 114 145 149 
106 142 126 102 121 126 133 105 132 124 101 136 112 146 120 148 113 141 109 143 143 139 123 140 
127 116 130 119 148 139 140 143 116 145 128 126 141 129 144 119 127 112 112 102 143 103 114 149 
120 144 123 103 138 121 147 114 138 119 141 112 105 122 107 132 105 103 125 133 134 144 110 115 
115 149 104 149 115 109 134 139 120 123 112 119 106 145 133 119 103 137 130 133 132 135 110 104 
138 117 107 112 111 111 150 132 104 121 103 112 107 108 116 150 122 146 101 123 112 119 149 140 
150 135 142 128 109 119 133 120 105 120 135 148 108 130 111 138 137 118 133 104 114 105 126 106 
135 110 141 112 127 109 101 117 129 127 133 140 110 116 102 102 128 119 103 112 144 102 134 125 
111 124 130 114 108 103 125 112 137 126 123 140 140 125 143 128 122 115 125 106 120 113 144 125 
131 129 105 149 143 120 115 144 135 107 110 134 102 146 136 146 137 113 146 103 121 116 142 132 
109 128 127 140 149 130 106 100 149 118 147 118 142 108 122 147 149 107 126 107 116 102 106 141 
139 133 128 131 140 101 143 107 131 115 145 123 142 108 113 122 145 141 113 128 107 108 107 122 
137 125 141 115 141 108 119 132 106 134 120 127 128 117 134 138 105 128 147 144 150 150 137 148 
124 133 124 133 148 119 120 138 139 113 132 113 150 103 113 140 126 132 121 102 138 150 108 111 
136 115 127 136 137 106 108 146 146 144 111 116 132 139 124 129 117 113 113 122 115 124 140 111 
122 110 142 120 117 129 126 143 133 107 121 119 149 119 132 130 142 131 119 129 147 101 111 134 
120 144 145 121 123 138 134 110 120 149 120 134 111 114 137 131 124 111 118 137 125 107 149 147 
123 149 130 134 116 113 111 139 143 144 149 127 133 138 123 105 112 120 132 123 136 135 134 134 
118 143 125 145 115 106 102 119 101 134 119 140 113 148 110 112 149 106 122 144 148 126 144 105 
120 124 109 135 138 131 123 114 118 121 133 101 139 107 101 132 148 146 126 143 124 133 115 145 
125 121 102 145 123 106 106 107 107 129 149 125 110 136 138 127 138 105 129 105 105 149 133 125 
114 109 113 116 113 136 113 142 103 114 128 116 132 120 105 126 148 111 133 143 103 126 101 110 
117 132 109 137 119 103 130 125 135 149 133 146 135 107 139 108 118 133 109 140 134 142 137 139 
137 141 139 122 143 148 138 121 131 109 147 146 105 113 132 143 105 131 141 123 101 117 141 139 
128 140 135 140 132 110 113 123 104 126 105 120 143 118 146 127 106 149 103 139 114 136 150 107 
134 149 110 132 143 147 141 107 121 149 140 119 140 121 123 144 130 147 141 109 117 104 102 145 
138 114 141 120 140 132 131 106 113 119 144 139 125 125 101 107 138 113 121 144 149 117 101 146 
110 149 148 110 147 118 129 128 149 149 142 131 134 148 123 124 131 112 143 133 110 118 134 138 
127 118 148 139 136 128 136 140 116 129 129 135 142 104 113 107 107 126 117 139 118 114 135 134 
136 147 116 110 123 120 124 147 116 119 126 123 132 103 138 144 114 124 102 129 108 126 111 130 
140 128 123 125 148 126 109 133 102 129 146 119 113 141 134 116 121 126 117 100 137 108 104 120 
125 104 118 102 107 112 121 148 146 143 126 124 130 140 124 133 138 139 103 145 122 143 124 102 
113 149 145 146 128 111 129 115 141 108 121 124 123 136 144 107 108 149 115 113 133 107 118 101 
109 120 109 101 144 137 114 124 133 136 117 100 132 118 120 100 137 131 114 112 128 112 146 137 
113 108 116 103 103 113 148 146 143 119 101 118 141 114 145 107 102 106 131 102 130 120 114 107 
138 120 122 119 141 131 125 139 110 149 106 124 128 123 107 110 102 127 146 130 110 136 149 113 
138 146 148 132 131 123 136 122 131 105 108 122 149 101 123 125 127 110 128 116 149 111 134 103 
139 113 107 118 141 129 108 140 121 145 146 101 128 145 120 117 129 143 136 114 115 137 142 109 
136 130 104 118 129 106 132 100 118 119 103 146 135 117 122 102 103 135 144 136 117 150 117 150 
136 108 133 140 144 147 105 144 113 132 100 107 112 131 131 121 126 147 123 101 120 116 117 124 
127 130 109 124 108 137 111 141 112 126 108 137 149 122 124 109 106 117 139 139 143 136 149 127 
134 144 146 130 109 118 117 127 139 115 123 147 143 133 135 124 134 115 111 126 113 129 112 104 
149 101 115 133 124 145 111 103 116 147 150 134 119 132 103 122 150 134 147 124 105 130 134 124 
111 127 150 145 103 144 145 134 123 104 109 115 135 139 110 105 110 120 124 102 136 126 127 144 
102 130 135 148 135 121 128 107 103 134 103 144 135 146 130 149 123 139 101 107 147 148 121 140 
135 142 140 102 122 111 129 143 133 135 145 125 148 144 126 112 125 120 134 120 139 103 118 135 
120 102 135 110 132 139 116 111 149 147 108 122 137 135 147 125 141 105 111 116 142 119 141 139 
123 116 107 108 119 113 115 100 127 111 133 100 131 106 129 107 120 111 148 104 148 118 135 137 
143 117 146 122 117 136 105 147 128 142 148 122 121 141 101 118 111 145 107 117 117 108 118 136 
136 145 148 139 148 142 126 111 148 148 117 126 134 144 132 131 125 146 112 138 148 111 139 112 
110 130 128 146 109 109 130 119 121 132 131 103 112 145 144 148 112 123 101 131 135 145 130 123 
117 143 145 139 119 141 143 146 144 134 135 116 135 117 115 129 148 115 120 145 121 150 120 111 
110 149 102 148 101 124 119 120 138 101 147 103 138 137 140 117 128 101 101 132 148 120 139 126 
102 137 147 128 117 114 107 113 143 104 117 138 123 147 143 132 117 135 140 137 104 127 135 138 
144 142 149 119 139 132 102 103 147 131 126 119 124 111 139 103 107 129 147 148 109 146 133 117 
142 144 129 125 129 105 125 131 143 124 113 108 101 124 147 116 138 106 106 123 107 126 103 110 
106 115 113 102 101 105 122 117 126 147 115 108 100 115 111 115 120 110 102 124 143 120 127 132 
134 142 145 130 140 137 147 130 115 143 117 139 142 106 112 106 118 127 112 130 143 145 117 147 
122 144 118 130 104 129 117 113 116 122 118 146 117 111 145 114 143 121 111 103 134 113 133 119 
119 118 112 122 136 113 147 107 114 148 115 110 118 142 132 104 147 126 133 138 118 139 113 107 
150 126 107 130 108 113 110 147 146 141 144 145 126 105 106 142 140 101 117 114 127 115 137 126 
138 117 146 120 123 128 122 140 110 141 143 141 134 104 126 127 144 100 142 126 142 118 110 149 
144 136 129 141 147 110 111 115 111 133 122 143 123 135 111 114 124 147 148 126 137 135 138 124 
105 115 107 100 106 147 102 120 127 127 105 134 127 135 116 105 115 125 104 134 140 114 104 145 
136 105 101 137 110 145 137 131 125 112 126 146 102 123 112 129 115 126 107 114 120 132 104 125 
139 143 122 134 135 146 121 100 144 105 102 127 129 100 119 145 126 115 126 127 137 102 128 119 
121 103 124 123 143 115 138 132 125 130 110 140 126 136 142 134 118 147 131 136 118 137 140 119 
112 132 101 132 105 108 104 144 110 136 132 110 139 114 101 106 132 108 118 140 150 146 124 132 
109 134 116 131 109 146 138 142 139 147 113 111 102 116 127 105 113 150 110 122 148 105 112 130 
104 118 129 107 128 140 114 149 119 110 140 150 112 117 143 131 128 105 118 116 140 146 132 144 
143 105 106 144 114 109 140 140 128 108 122 131 129 115 110 146 111 148 116 132 122 121 141 121 
126 105 120 139 111 100 110 126 105 137 146 133 102 125 118 106 103 125 132 117 134 150 130 129 
124 141 141 114 140 108 140 103 122 137 142 103 101 102 131 136 112 143 102 113 114 120 107 124 
102 149 122 116 101 136 122 143 138 142 116 118 134 135 134 114 115 121 136 149 104 135 103 110 
101 125 108 112 148 119 110 104 136 138 140 119 124 120 129 105 136 148 106 136 101 117 113 123 
119 148 101 128 136 133 133 131 144 127 116 100 118 145 137 113 119 111 135 143 107 144 106 147 
121 146 108 125 135 106 134 124 137 115 143 134 148 116 149 114 113 123 119 129 112 105 117 107 
129 144 124 124 118 132 130 101 126 144 113 142 139 137 128 124 118 121 141 102 144 135 108 147 
147 106 110 121 114 132 114 126 127 102 102 102 107 131 116 144 134 119 120 135 137 113 119 132 
123 147 109 139 138 105 111 129 111 130 147 109 108 121 139 131 119 133 109 111 124 148 131 133 
135 150 100 131 143 146 137 144 143 102 116 115 128 148 119 107 113 147 119 124 100 124 119 143 
117 105 142 121 125 141 108 144 145 106 111 126 121 146 129 140 104 112 143 108 149 130 117 122 
118 144 106 136 130 130 102 133 108 144 121 122 144 108 111 112 120 142 112 123 101 108 129 116 
142 103 149 134 145 102 124 140 113 137 148 142 134 114 132 107 114 127 100 119 102 124 145 120 
118 130 125 122 143 103 115 127 110 147 140 142 131 137 112 145 116 105 104 105 110 117 105 103 
108 117 136 115 121 132 126 140 111 105 102 109 149 120 128 125 142 146 126 102 105 120 119 129 
149 132 121 142 131 142 134 121 130 104 149 104 142 132 142 116 107 148 137 143 129 146 136 145 
121 125 139 142 114 136 111 128 142 147 145 117 112 140 118 120 147 143 135 110 136 118 116 113 
104 131 130 150 117 116 146 102 141 118 146 140 120 114 147 113 106 109 136 124 119 147 101 101 
118 145 135 125 117 120 122 144 113 100 105 105 129 143 117 120 119 109 113 111 108 106 143 131 
140 101 130 133 137 127 137 150 112 114 146 147 111 142 148 120 114 119 116 129 134 115 128 130 
113 119 122 148 106 139 138 139 149 114 107 122 133 112 108 124 116 138 135 121 115 101 110 132 
129 106 120 122 113 126 140 103 133 149 129 106 147 141 105 147 109 141 102 122 118 134 132 144 
104 124 103 126 112 112 118 143 126 124 135 102 125 121 108 141 108 113 133 100 133 142 118 106 
126 112 120 102 117 121 131 129 149 143 100 119 137 137 137 127 143 119 107 100 123 133 149 118 
146 133 139 135 147 102 113 147 105 136 101 112 124 135 144 141 137 115 139 115 141 113 103 107 
143 110 122 143 113 123 103 115 100 125 120 101 122 110 105 120 113 138 133 116 125 106 142 117 
132 149 109 137 103 148 138 145 135 125 123 146 124 116 149 115 136 138 135 109 101 116 149 134 
141 150 114 139 107 128 139 116 137 132 140 146 145 108 111 131 136 146 120 150 118 145 118 133 
140 146 140 132 100 123 107 144 121 147 122 149 123 144 112 101 115 119 116 134 146 106 105 120 
132 141 107 110 103 136 108 116 137 131 101 141 128 126 111 141 136 140 121 150 105 136 107 133 
143 121 141 114 108 141 128 124 146 109 127 138 104 148 144 124 102 129 112 100 144 100 126 143 
140 112 134 119 132 112 111 105 137 143 103 108 117 138 131 102 101 116 133 139 118 113 101 121 
127 114 107 148 128 142 116 131 115 109 149 147 139 101 111 139 107 127 133 133 108 134 119 142 
132 133 103 149 135 126 108 116 134 141 122 142 137 106 107 141 142 127 138 127 135 134 108 116 
125 136 127 146 130 123 116 110 105 131 105 126 149 129 118 150 139 130 113 146 128 142 149 149 
109 104 119 144 116 140 136 121 141 148 105 127 110 138 130 131 124 110 112 141 121 108 120 136 
114 111 117 120 114 142 134 116 130 106 121 111 125 131 119 130 142 139 125 125 117 146 116 132 
101 150 113 111 148 125 107 150 103 109 118 107 134 119 109 120 106 118 147 111 125 143 142 101 
122 131 149 140 124 132 138 131 117 138 129 145 120 111 131 113 138 134 109 125 113 103 137 101 
139 132 141 137 103 123 109 109 140 120 107 115 124 145 138 124 139 118 128 129 139 102 128 141 
101 120 110 103 128 131 116 148 149 136 147 128 142 121 113 139 139 124 108 126 146 127 147 126 
129 123 135 115 134 134 125 123 134 115 127 124 124 128 137 136 135 106 128 110 129 127 143 123 
107 120 110 121 115 111 148 108 112 114 103 112 120 123 104 118 113 120 118 110 123 104 104 119 
140 140 127 135 126 109 105 131 144 128 128 107 117 108 143 141 142 125 120 123 115 113 121 140 
101 126 109 113 143 142 145 115 115 101 131 117 125 106 132 106 121 108 101 141 116 143 114 127 
110 147 126 137 106 109 115 100 120 104 107 105 109 132 126 149 134 105 138 127 121 114 149 109 
150 143 105 119 115 144 140 145 111 116 130 114 110 120 126 141 113 148 112 115 118 116 117 138 
107 109 119 126 119 125 137 103 144 130 119 114 122 138 109 138 112 108 117 128 139 143 106 131 
105 106 133 119 103 123 103 135 144 101 130 110 105 117 148 143 134 119 136 114 112 131 133 101 
109 122 120 103 114 109 133 149 120 128 103 129 149 110 100 112 121 141 131 143 102 143 117 120 
129 105 132 115 143 102 111 121 145 122 129 105 130 117 130 127 147 148 141 133 102 102 121 104 
141 144 147 150 140 120 129 141 135 109 123 106 118 142 145 114 125 126 104 128 118 123 120 137 
148 127 117 133 139 127 134 147 148 126 129 104 120 118 131 126 115 128 136 112 103 142 103 120 
128 145 146 135 113 133 102 131 129 141 115 133 130 111 134 114 148 141 127 118 125 149 144 144 
105 116 117 127 135 132 132 132 121 119 103 147 112 137 102 129 147 118 150 131 148 111 101 110 
111 117 143 131 133 105 133 101 128 123 100 111 143 120 124 148 123 114 138 130 143 104 148 109 
132 132 128 105 139 108 115 104 148 148 105 147 139 101 116 133 108 142 120 122 106 133 127 147 
123 150 145 138 129 114 128 146 142 137 113 106 134 146 123 123 113 132 123 128 109 108 129 138 
133 137 123 110 120 102 114 137 139 149 106 148 149 104 106 101 136 109 141 141 111 118 102 141 
128 112 111 127 149 148 143 124 120 142 137 103 113 106 143 141 131 122 116 102 103 101 136 109 
133 135 132 117 112 110 119 115 139 112 142 133 122 128 123 141 131 144 129 146 106 108 122 137 
124 104 135 143 129 115 124 121 125 148 107 130 104 133 101 126 134 127 120 107 106 133 146 122 
132 123 125 143 130 143 123 144 110 148 111 110 113 128 146 140 145 124 147 101 147 119 146 118 
106 114 140 120 111 113 114 124 111 142 119 144 139 112 149 115 123 112 140 118 105 131 110 109 
128 112 114 118 105 109 136 137 116 130 102 144 144 123 119 115 144 138 141 134 122 114 141 124 
146 147 132 105 135 114 119 107 128 131 111 123 111 135 104 121 110 119 129 142 121 110 105 115 
101 108 120 122 122 141 101 106 126 139 123 117 121 106 135 128 128 103 144 103 130 120 146 136 
130 104 125 105 132 106 132 133 121 147 146 130 144 115 149 146 141 145 140 100 141 112 147 129 
108 147 142 125 126 108 137 118 131 124 143 140 106 113 142 104 115 142 136 135 124 127 141 115 
113 134 116 136 142 103 130 115 106 112 114 131 122 108 141 113 141 124 148 114 124 145 124 137 
140 106 149 103 141 125 130 114 120 126 102 131 103 108 112 126 135 124 121 124 118 130 130 111 
129 146 133 137 132 114 125 142 105 120 148 131 131 106 133 112 111 128 134 111 104 147 136 132 
145 117 132 107 102 129 145 139 117 114 129 106 108 123 113 129 140 123 114 136 101 100 145 130 
122 129 144 104 137 125 129 115 135 128 145 119 117 136 110 102 145 124 124 139 122 101 147 141 
110 147 113 145 143 117 150 137 138 133 126 130 118 121 108 114 124 135 145 132 121 106 150 117 
134 138 120 121 105 147 135 146 124 109 106 130 149 126 137 135 109 102 150 145 106 122 101 112 
108 141 123 133 105 100 148 105 102 115 107 137 110 113 103 125 107 100 115 103 125 104 115 148 
109 144 124 123 114 120 108 122 127 121 138 114 105 129 115 129 125 107 118 112 124 148 103 112 
106 124 139 150 105 117 127 113 109 150 111 102 122 143 115 133 130 105 130 116 118 140 104 134 
104 144 148 104 138 135 135 131 111 134 115 122 111 114 110 120 131 137 141 118 145 149 111 141 
135 119 137 112 113 106 118 137 128 126 116 137 106 128 103 138 114 128 133 124 125 115 116 145 
120 134 127 146 142 115 147 144 100 126 105 149 146 114 133 113 137 108 130 147 109 148 135 107 
124 129 150 106 147 149 120 147 104 122 126 139 136 123 105 129 130 112 105 136 126 108 103 135 
138 144 102 115 125 113 144 121 136 133 105 149 111 144 137 101 109 123 105 117 121 102 107 110 
146 125 149 136 129 122 131 118 117 123 109 109 135 133 142 112 136 142 133 103 147 115 134 140 
124 139 107 106 133 116 135 119 144 119 147 101 109 124 130 148 105 107 109 122 142 149 108 147 
125 103 127 132 100 104 149 145 112 142 110 126 110 103 140 144 117 135 129 112 115 104 137 132 
142 124 108 113 136 119 145 119 124 103 105 147 140 120 147 130 128 111 147 134 107 114 109 119 
109 149 103 122 102 111 128 129 137 103 117 143 103 108 101 135 146 101 121 149 125 125 142 135 
132 124 115 107 109 103 129 110 139 103 125 138 150 144 132 144 140 116 123 118 143 130 129 109 
103 121 133 115 119 128 108 114 150 144 143 135 147 113 148 110 106 149 107 117 123 140 143 113 
149 115 149 123 134 133 102 145 126 140 112 139 105 117 139 122 142 109 102 112 111 120 142 120 
112 138 133 100 136 115 139 147 124 123 120 117 146 141 129 130 125 129 110 121 146 106 120 107 
115 124 123 119 115 117 129 147 119 105 127 107 119 100 138 117 108 121 126 115 101 141 115 121 
105 137 124 105 103 118 137 148 135 145 108 118 110 109 133 136 114 113 111 117 130 133 122 142 
134 140 135 134 144 122 129 136 129 136 107 120 147 126 143 143 143 121 147 140 147 144 145 112 
128 139 124 115 117 147 143 135 143 144 111 129 101 119 116 144 135 107 135 118 122 144 118 100 
120 134 130 121 144 110 142 118 144 115 133 129 137 106 140 134 144 129 124 130 147 143 112 148 
145 129 120 109 112 113 140 124 149 136 112 147 149 118 147 107 116 115 147 117 118 101 105 145 
135 102 116 136 116 129 106 132 132 118 123 110 104 141 141 108 129 139 124 138 101 147 146 128 
129 145 134 108 120 131 143 132 108 125 114 148 121 120 107 145 135 117 122 122 100 145 128 120 
140 103 142 139 149 127 148 113 115 132 133 141 105 100 139 103 123 105 145 113 113 106 106 141 
122 136 121 130 134 135 145 144 107 127 100 108 113 132 106 123 119 114 117 102 144 149 121 103 
112 130 101 113 146 117 143 119 104 138 115 135 133 107 132 118 116 137 150 107 148 117 123 132 
108 129 110 116 137 150 126 148 102 110 101 150 142 106 115 112 147 131 108 143 135 129 148 124 
124 124 130 140 109 109 121 114 140 101 147 135 124 141 111 118 123 116 105 137 107 146 148 124 
140 105 124 111 150 134 128 124 124 135 127 141 117 144 104 140 126 133 143 126 101 120 117 147 
125 118 129 140 140 110 103 123 108 122 120 127 123 106 101 106 113 112 141 115 118 109 124 109 
144 144 103 111 133 130 137 105 140 125 111 113 102 116 147 127 123 105 102 106 104 118 149 113 
102 128 148 126 101 126 140 140 103 109 138 106 115 149 126 148 148 124 121 139 127 118 113 141 
121 129 141 125 105 127 130 141 131 130 119 136 112 147 136 114 107 147 128 110 144 130 119 147 
140 119 128 119 136 136 115 104 116 104 131 115 117 105 132 125 133 127 124 143 116 139 136 107 
120 111 139 143 123 139 139 132 135 119 114 110 106 106 113 117 113 122 108 146 126 134 145 125 
100 125 108 124 113 124 113 136 129 126 131 138 133 146 118 130 137 129 136 116 125 111 126 144 
122 141 115 122 124 142 119 120 144 125 145 120 100 121 110 141 109 130 129 127 145 112 105 107 
107 137 141 125 116 122 145 140 124 125 110 113 124 146 133 145 113 101 109 126 138 128 147 131 
137 112 132 131 132 127 136 150 122 106 132 149 144 142 149 149 133 133 138 101 125 134 106 127 
105 149 135 130 113 119 141 116 104 148 131 100 134 103 143 113 141 108 130 113 131 137 121 136 
108 109 137 114 126 111 112 131 130 118 132 105 102 128 116 104 132 147 119 101 124 110 120 104 
118 119 137 146 125 130 106 131 125 121 110 117 139 136 145 141 129 106 102 143 137 141 119 132 
137 133 107 107 118 117 138 123 119 104 103 115 109 142 130 117 130 148 131 102 102 108 130 107 
132 144 145 149 117 132 133 110 141 138 140 137 144 127 107 149 131 109 139 120 114 125 114 116 
114 123 116 125 147 109 141 127 126 138 135 125 125 105 144 109 140 141 108 145 104 122 142 135 
130 146 129 128 140 105 134 132 118 117 135 146 110 142 113 140 117 104 123 115 140 132 150 101 
115 105 110 107 134 147 126 143 146 135 148 116 113 121 140 138 103 133 121 118 148 119 106 115 
147 115 107 138 103 140 129 146 147 118 122 113 126 104 125 133 121 144 122 108 103 113 117 116 
111 140 143 127 101 149 119 139 103 130 148 132 128 104 101 132 130 131 107 105 135 136 101 103 
131 126 146 114 135 112 150 146 132 119 113 130 106 133 104 106 137 142 125 140 119 133 145 114 
138 147 130 114 148 117 125 129 143 108 142 121 107 128 137 144 114 144 103 144 114 145 133 107 
125 110 111 100 132 110 109 104 138 112 124 102 145 146 145 100 134 131 132 128 101 139 107 101 
130 128 109 136 101 125 107 118 135 105 127 136 142 132 128 109 149 101 150 100 112 129 145 114 
104 139 143 139 149 133 127 124 141 105 113 109 132 121 123 140 139 142 112 141 102 148 132 119 
114 109 116 148 111 124 114 111 136 118 127 102 143 142 123 123 112 129 101 148 128 121 139 137 
126 123 134 125 114 148 120 150 110 140 138 130 137 125 107 114 118 134 125 146 107 136 141 102 
122 102 123 101 126 100 134 126 118 127 106 146 135 101 114 128 112 145 104 119 137 107 109 118 
149 124 124 119 102 108 110 146 131 120 109 122 148 102 129 116 135 146 100 104 148 148 129 131 
106 112 141 112 121 108 100 130 106 133 133 132 146 115 108 111 145 112 133 110 109 134 143 147 
106 126 109 129 122 137 135 129 107 105 123 119 128 124 119 108 113 107 134 142 127 120 126 115 
128 124 128 149 138 103 113 129 134 106 113 117 129 112 121 121 118 104 144 107 139 145 129 148 
146 124 108 146 115 123 131 122 115 114 148 145 134 103 105 129 113 107 143 124 105 107 110 123 
100 141 122 130 143 146 129 125 104 143 139 118 128 110 130 137 130 139 132 115 140 111 129 114 
137 119 143 102 115 130 123 112 130 142 122 129 147 122 118 132 120 136 136 148 146 135 135 140 
148 140 121 128 146 116 105 137 119 144 138 137 119 102 142 109 120 115 113 111 144 133 113 118 
127 130 141 130 124 110 127 130 105 139 119 142 112 119 122 129 102 131 143 143 135 150 124 122 
125 139 138 144 125 140 108 128 119 145 148 103 108 147 119 109 121 120 109 146 127 112 108 134 
124 118 132 146 150 143 118 133 116 103 124 146 146 141 140 142 118 133 114 141 144 145 122 125 
105 124 115 144 128 124 139 102 132 120 148 123 139 132 124 141 136 147 146 121 136 116 105 112 
137 120 122 138 101 130 107 109 125 136 119 150 105 107 109 124 146 118 121 147 127 140 112 144 
117 146 145 101 117 112 119 105 144 138 100 101 126 142 119 115 120 121 123 123 127 125 135 125 
123 148 127 119 102 148 134 135 146 106 137 132 116 134 135 140 127 124 130 136 112 126 144 107 
114 120 112 108 145 147 132 102 121 140 109 110 129 136 135 137 124 146 132 115 129 133 103 124 
106 101 114 141 116 123 119 102 130 131 122 123 115 128 118 111 114 107 132 103 117 126 124 143 
137 144 143 148 133 146 139 148 149 118 138 141 113 102 150 106 104 106 148 102 104 107 132 109 
104 136 107 126 130 111 132 107 114 121 104 108 106 133 136 119 134 145 139 128 121 109 122 104 
100 132 116 127 112 141 150 140 138 123 147 146 102 107 128 130 143 130 132 146 133 118 128 104 
116 104 111 103 107 146 117 147 123 128 140 127 129 143 143 127 120 116 135 105 102 129 134 101 
138 149 144 124 126 128 105 117 138 115 129 111 107 118 127 146 134 127 140 108 104 125 148 110 
124 102 139 113 145 141 139 134 148 118 115 104 138 133 128 107 149 131 105 133 136 118 114 107 
113 121 103 147 108 135 128 133 112 147 121 131 112 139 110 111 125 125 149 138 121 132 139 150 
113 126 109 123 101 117 131 120 123 146 100 128 144 147 136 137 142 134 108 116 108 141 112 117 
135 101 140 103 149 143 132 134 127 140 126 150 121 102 130 149 126 122 101 136 119 147 131 145 
141 103 150 107 128 126 114 132 125 104 133 148 124 144 109 104 132 111 124 132 137 118 129 124 
145 144 134 140 150 127 141 105 108 139 137 113 122 125 112 117 136 111 144 126 146 112 102 145 
132 119 121 130 123 105 128 125 130 117 103 137 132 119 126 126 138 114 114 107 110 109 135 106 
116 106 120 134 123 109 129 124 102 122 140 136 108 135 116 124 117 101 102 137 104 139 144 117 
129 122 142 109 142 127 116 143 135 119 103 107 137 124 116 129 105 149 134 111 134 105 145 122 
102 144 128 105 108 121 114 129 102 120 115 128 118 145 149 124 150 115 149 101 107 111 104 107 
108 133 143 122 120 125 135 142 143 125 144 100 107 111 131 142 109 118 122 103 146 137 111 132 
116 133 135 135 107 129 119 105 142 107 107 135 131 105 143 114 134 141 146 112 147 101 129 104 
102 116 112 138 109 122 118 129 104 127 126 131 122 128 132 107 119 136 137 105 135 146 126 115 
113 148 125 103 122 125 145 120 144 144 108 142 130 106 146 143 112 101 142 149 121 142 125 125 
146 113 124 108 125 128 105 111 129 147 130 144 139 138 133 141 125 102 121 123 135 117 140 110 
131 102 118 133 114 125 103 135 136 143 101 138 126 102 129 142 106 128 137 108 130 117 130 105 
124 149 114 119 115 147 131 110 107 106 119 143 120 145 113 120 125 134 114 141 114 123 139 113 
105 103 105 102 118 138 118 124 126 140 117 144 146 140 148 107 107 112 107 147 132 114 100 105 
137 135 130 106 126 145 132 132 139 101 148 115 128 127 138 122 133 116 138 122 145 132 135 141 
134 124 150 111 126 137 130 100 145 128 104 104 127 108 125 102 139 150 144 101 106 137 106 129 
130 145 132 131 140 137 112 110 136 145 140 136 130 144 148 137 137 113 143 127 124 126 121 107 
116 125 103 119 127 148 125 114 148 108 110 137 132 142 140 118 126 115 105 150 136 133 142 109 
128 101 116 126 129 128 119 101 124 129 127 123 116 149 149 128 130 141 107 136 110 139 138 107 
143 100 126 143 115 107 112 108 127 148 125 103 123 143 132 150 127 137 125 150 105 129 150 141 
142 121 143 143 113 121 140 148 118 130 147 109 128 115 130 118 100 101 115 146 120 146 149 118 
113 132 130 112 102 118 128 133 139 108 140 131 147 113 117 134 133 141 142 137 145 138 103 149 
133 130 137 121 133 140 149 106 103 148 111 130 105 122 128 130 129 132 133 119 146 120 137 112 
143 108 126 142 106 131 142 131 147 122 113 110 134 100 115 146 122 104 136 129 110 116 104 149 
137 134 136 112 139 110 128 129 132 143 124 115 134 110 121 148 111 119 104 150 123 111 102 133 
109 147 137 121 135 131 130 129 119 103 107 138 111 104 145 116 134 125 131 103 103 145 145 131 
108 104 118 123 139 103 144 119 132 139 125 150 124 145 118 127 125 114 110 141 120 116 133 128 
143 146 126 102 148 142 111 146 147 144 128 143 123 146 123 149 101 147 104 125 120 118 129 102 
115 124 129 119 109 144 140 138 126 147 140 148 131 138 123 133 130 127 133 148 137 136 132 103 
133 131 132 115 121 135 140 108 120 100 133 107 122 104 133 117 143 104 115 150 105 140 107 143 
111 103 125 137 121 134 140 134 118 136 140 133 101 144 105 130 112 120 142 127 115 124 109 132 
103 126 122 136 129 109 125 130 116 121 104 109 115 107 103 105 130 127 142 128 118 145 122 127 
111 101 135 117 124 131 113 129 135 134 122 137 128 104 138 141 103 117 137 103 116 112 132 131 
141 131 101 126 133 128 142 115 103 147 123 125 125 138 149 127 148 106 133 130 114 120 121 150 
126 106 126 137 146 143 102 117 139 123 142 111 121 114 141 112 103 132 104 148 101 138 145 150 
147 114 141 121 143 125 125 100 103 122 121 145 114 113 123 144 136 121 117 125 138 142 128 124 
121 143 133 120 105 139 118 124 145 115 119 142 133 102 144 146 125 101 136 120 134 147 148 115 
139 118 119 148 130 110 110 135 122 117 134 101 124 105 136 111 131 138 133 135 127 135 129 135 
124 126 110 100 133 119 139 138 108 124 146 142 102 111 107 144 144 129 115 117 145 142 135 150 
129 123 114 141 108 101 148 105 135 114 120 108 121 142 132 117 123 108 115 139 132 127 116 109 
110 135 129 147 115 142 130 145 115 113 119 141 113 108 106 116 110 106 102 140 150 109 102 142 
149 132 124 128 130 114 127 130 144 108 144 114 107 119 132 106 132 137 144 144 144 132 102 144 
134 104 107 107 131 127 122 125 145 144 121 148 107 142 130 142 132 125 100 126 138 148 107 135 
102 107 139 127 135 109 102 118 137 110 119 121 149 110 133 143 137 114 111 123 139 135 140 104 
137 113 129 110 125 106 148 117 141 101 121 122 119 123 144 110 107 119 120 134 123 119 106 127 
122 126 129 105 126 109 100 134 117 130 116 104 107 107 132 110 120 105 142 109 133 145 107 123 
109 104 102 130 125 148 104 145 140 114 146 109 113 111 104 105 133 111 113 146 103 147 138 132 
137 150 148 100 141 122 126 131 144 106 131 111 141 112 148 148 133 104 136 105 149 110 105 128 
117 102 103 113 131 137 107 102 122 102 146 132 146 114 102 118 116 123 113 140 135 143 131 108 
112 102 142 106 103 133 132 144 134 102 118 111 119 146 113 125 107 104 116 103 149 139 120 115 
143 102 105 123 113 121 133 102 119 131 138 107 128 108 104 111 150 150 147 110 119 140 120 139 
136 109 128 116 120 106 111 144 125 124 133 107 140 118 132 108 145 123 141 124 124 147 141 145 
139 115 103 139 122 119 149 144 133 125 105 110 106 106 115 101 106 143 102 111 101 134 122 138 
137 108 132 135 104 143 134 111 103 138 139 120 123 107 143 100 114 149 135 109 101 101 149 100 
138 131 114 121 116 139 122 131 119 101 111 115 107 102 102 105 137 114 108 111 133 141 130 111 
100 110 136 102 106 116 117 109 144 108 129 125 103 110 147 142 102 140 119 129 112 136 113 100 
135 139 130 142 144 111 136 114 135 107 122 137 142 123 126 139 136 139 130 105 144 122 116 126 
101 131 146 119 150 101 143 134 113 144 106 105 145 147 102 122 143 147 117 110 119 132 149 137 
123 118 138 124 149 134 117 136 145 130 149 142 123 136 140 145 119 134 129 144 131 110 146 107 
101 134 113 103 146 134 141 120 131 112 124 116 118 130 124 102 146 138 116 115 114 102 143 114 
147 131 102 143 123 132 124 147 146 110 145 122 145 133 101 117 114 143 125 125 105 110 110 130 
108 134 127 145 103 120 141 103 101 109 100 116 128 100 102 107 142 143 144 138 119 141 137 107 
119 135 107 145 138 125 109 131 145 120 120 124 129 114 140 144 110 135 135 146 104 102 113 133 
144 114 109 125 112 113 130 108 147 145 132 105 122 118 131 120 145 107 106 119 106 145 124 126 
142 107 119 120 126 111 124 139 110 109 115 150 124 140 148 119 123 110 116 115 116 115 129 147 
130 103 131 106 137 104 123 139 118 146 128 127 147 124 149 147 120 109 133 110 125 134 111 104 
106 131 147 149 134 109 108 140 124 106 142 115 128 148 125 108 126 131 117 138 114 106 114 128 
133 124 140 123 122 120 103 133 102 111 102 135 122 106 142 144 116 138 100 112 149 140 140 134 
132 139 133 149 132 123 121 135 109 136 134 118 118 124 137 125 132 101 104 149 111 107 140 109 
124 139 144 145 104 142 112 136 101 137 133 122 128 135 112 148 115 139 148 121 130 111 120 130 
144 131 141 146 137 103 105 129 109 102 105 130 140 146 138 133 105 118 140 120 113 135 131 112 
146 124 115 146 102 126 116 124 124 103 130 108 104 109 102 134 139 114 121 139 113 121 130 140 
139 141 115 148 149 135 143 123 135 122 131 134 119 133 111 145 116 131 128 124 149 107 122 122 
101 146 149 141 101 148 125 105 135 121 118 143 112 108 142 122 116 140 120 141 119 102 125 133 
134 127 150 136 103 133 142 108 122 140 133 140 121 108 105 145 126 116 119 111 107 125 119 127 
144 102 147 129 112 149 129 120 121 144 128 126 108 118 146 103 123 150 114 114 139 127 109 139 
112 117 119 119 128 147 125 130 103 138 132 103 137 128 107 117 122 109 131 104 130 123 132 112 
142 128 145 106 137 105 144 116 120 140 108 129 128 111 136 130 123 122 115 101 134 114 121 104 
141 120 126 146 122 132 130 114 141 117 106 109 125 117 105 142 122 108 131 143 129 120 116 127 
142 112 122 133 102 149 124 119 106 128 140 138 141 142 115 111 128 137 119 110 109 143 132 112 
147 149 103 138 136 134 130 105 124 138 122 122 115 124 125 149 138 131 128 109 108 146 123 110 
112 127 109 125 148 109 131 138 145 128 121 108 104 105 109 128 118 144 100 138 138 124 104 114 
108 109 135 126 127 129 110 111 123 130 121 141 127 129 134 137 101 138 132 149 100 119 118 122 
126 121 116 142 138 114 122 113 107 117 110 126 144 102 124 105 126 137 133 102 112 143 113 121 
102 142 142 102 117 137 111 121 115 103 118 123 149 129 141 107 106 121 122 113 114 143 109 102 
133 120 120 101 121 104 145 136 145 107 133 141 137 129 106 102 133 103 110 138 138 114 134 111 
124 138 119 139 116 139 130 128 116 128 116 118 135 118 127 101 110 148 127 110 100 116 139 122 
119 149 114 149 116 109 149 133 136 127 101 102 113 119 127 110 124 120 134 109 113 135 140 146 
113 113 150 116 112 109 136 112 123 130 132 114 105 143 126 112 146 125 123 126 120 146 137 117 
147 107 122 143 103 134 109 106 129 125 144 113 111 148 121 116 114 128 115 126 148 122 108 108 
140 136 118 107 117 110 103 149 128 143 133 146 113 117 123 101 103 121 136 146 135 141 135 123 
150 113 123 102 129 114 106 140 111 125 107 147 111 109 139 125 127 109 139 136 117 144 146 133 
114 137 144 137 128 102 146 115 135 126 140 121 132 144 115 128 116 101 114 148 105 146 148 122 
136 105 141 112 125 126 129 123 137 103 101 126 113 142 116 101 142 124 138 112 108 128 123 128 
140 109 130 147 105 111 129 114 146 141 136 145 143 109 130 148 112 127 110 106 150 106 114 107 
118 115 144 148 135 117 133 122 116 119 127 106 140 127 149 114 105 122 131 118 140 117 122 131 
103 137 114 119 102 113 129 114 104 149 148 130 138 131 119 110 134 114 121 103 124 134 148 108 
137 140 106 110 112 140 110 132 116 121 107 138 149 148 136 101 147 107 123 128 149 101 145 146 
103 132 137 119 121 128 114 150 102 111 129 142 143 123 145 135 108 110 150 112 103 143 109 128 
114 139 136 119 122 108 127 128 124 149 126 127 104 105 136 145 116 115 119 109 123 104 138 137 
110 127 134 150 119 127 134 132 107 104 112 131 146 120 149 139 143 126 123 134 128 145 126 141 
108 138 111 126 108 105 122 138 129 115 144 112 114 104 127 109 126 107 149 123 114 136 124 130 
124 141 116 115 137 102 129 121 139 104 121 111 139 121 120 131 123 135 123 101 126 101 142 108 
134 142 133 131 128 117 112 118 109 132 107 106 130 146 141 136 115 122 107 128 100 106 105 138 
110 101 137 147 132 103 140 120 120 128 100 108 122 133 129 118 130 137 129 144 126 149 117 148 
150 120 136 123 139 115 119 102 130 119 138 100 108 140 102 114 113 149 101 106 122 149 116 135 
129 127 107 101 126 125 139 119 130 133 147 119 125 144 129 123 115 126 129 117 147 132 142 128 
148 143 115 122 108 111 101 100 118 104 124 128 131 118 132 147 128 149 114 146 117 116 100 103 
147 132 127 101 123 123 121 107 129 140 116 133 134 141 113 117 141 131 136 141 102 145 123 110 
119 141 113 137 128 120 105 127 127 104 128 142 101 121 112 144 141 104 134 137 135 121 144 140 
144 128 133 113 126 129 109 101 142 108 132 115 135 104 136 109 134 111 120 104 104 139 115 117 
117 118 121 143 149 135 119 125 135 108 104 108 129 143 119 119 115 115 138 133 147 111 126 125 
146 106 149 114 128 133 116 131 102 128 112 106 122 105 104 107 149 116 104 128 140 148 130 106 
148 135 142 111 118 117 103 109 147 124 131 104 104 138 109 103 113 126 144 120 130 137 121 150 
111 118 114 143 109 130 128 139 109 129 108 125 110 124 113 136 144 112 116 146 112 115 104 102 
110 144 116 105 139 149 116 126 102 142 108 137 114 142 125 118 138 146 124 100 108 145 130 113 
133 123 104 144 148 130 142 142 103 143 105 149 118 121 120 113 122 115 115 144 131 139 122 104 
108 104 109 144 134 145 120 120 109 105 109 121 133 102 113 117 120 146 130 142 109 128 111 127 
105 102 136 137 147 122 124 107 143 133 134 141 112 131 104 148 134 139 120 111 133 135 114 141 
120 137 113 120 132 129 135 115 130 147 104 118 120 124 150 130 130 113 131 137 130 139 127 134 
148 129 118 145 118 112 118 138 110 140 149 149 109 109 111 145 140 110 100 108 148 100 103 103 
133 114 107 132 104 124 115 108 136 139 139 141 129 132 134 128 102 115 115 121 120 117 104 140 
101 108 119 133 132 115 131 124 106 132 112 115 145 150 145 124 139 134 139 144 141 150 126 123 
135 145 135 137 120 102 130 122 121 101 132 116 136 133 140 149 112 132 100 109 122 126 107 106 
120 118 106 114 127 113 123 107 134 124 147 147 106 108 130 150 109 135 147 114 109 110 109 128 
130 134 145 105 122 150 117 132 127 125 127 115 123 104 134 131 125 145 113 143 126 107 124 105 
144 128 132 108 139 128 108 148 124 105 101 102 120 143 131 124 108 106 149 106 140 128 113 103 
101 144 135 143 145 143 134 137 135 111 119 143 127 135 103 119 106 146 122 148 140 141 112 140 
125 118 145 127 131 100 122 122 134 136 121 133 112 116 142 146 136 115 124 115 144 138 130 116 
150 130 122 127 119 135 140 111 117 114 128 141 103 138 146 120 139 150 144 106 119 126 106 126 
113 113 110 113 148 136 102 114 104 144 139 149 122 105 131 127 117 132 114 120 131 147 107 102 
140 126 112 150 118 111 124 103 104 105 100 103 147 114 128 131 108 126 103 141 105 115 144 132 
110 135 136 137 122 113 127 133 133 100 128 137 136 132 150 122 136 112 143 125 116 130 122 115 
105 106 143 131 130 150 104 111 104 146 111 104 133 140 143 128 149 141 105 113 137 118 103 139 
137 110 124 122 105 105 121 133 105 141 109 143 129 102 108 125 141 144 149 110 127 136 121 141 
120 143 130 138 137 150 139 108 103 124 134 138 111 111 149 111 102 110 131 129 117 115 142 105 
108 145 123 112 146 109 119 106 141 115 129 121 116 103 106 123 107 113 129 102 134 109 129 122 
134 147 133 118 107 118 148 140 107 149 126 121 119 148 103 121 135 116 132 114 136 134 114 101 
119 110 146 120 147 142 147 127 101 135 102 144 126 118 134 115 117 121 143 146 126 119 110 141 
119 149 132 148 103 123 148 129 115 115 118 111 107 119 118 112 127 142 146 145 124 138 139 100 
103 139 109 128 119 150 111 119 114 144 104 123 129 108 132 146 145 126 137 149 122 110 149 127 
122 111 109 142 143 105 150 141 139 123 124 131 126 121 127 139 113 105 121 146 100 127 140 137 
144 137 117 149 111 128 103 127 101 150 141 139 127 142 110 144 114 135 122 133 122 104 141 110 
143 140 109 124 138 108 117 119 148 120 109 109 120 124 114 109 144 119 104 103 141 102 138 122 
101 108 126 112 143 101 116 103 128 109 120 146 114 106 135 133 108 120 118 149 138 125 149 103 
113 121 142 109 131 113 141 128 120 141 122 137 146 132 104 140 107 106 144 129 114 142 112 128 
103 138 112 145 107 119 124 110 113 140 142 123 138 113 128 146 150 138 116 105 125 129 112 135 
144 102 118 103 103 143 125 107 104 125 138 127 142 148 117 140 107 131 149 150 115 140 123 129 
145 143 100 135 128 117 118 131 144 132 148 103 136 130 125 110 139 118 139 110 136 148 133 102 
134 107 129 113 139 122 129 139 149 135 119 149 115 111 133 139 116 137 117 104 128 109 148 106 
108 132 112 136 135 133 119 146 115 132 136 149 125 114 145 137 107 109 130 120 129 101 115 129 
138 147 100 113 112 109 132 133 144 144 129 114 143 139 122 146 126 104 122 147 141 140 128 122 
132 125 119 102 103 140 134 116 122 128 132 108 106 121 132 132 129 140 145 109 140 112 113 144 
105 100 106 133 122 131 107 116 118 138 117 129 130 137 136 103 126 117 116 128 127 135 128 145 
109 145 116 128 147 144 143 137 120 114 132 116 133 110 145 109 102 143 108 145 125 142 106 117 
119 107 143 107 104 134 148 143 106 118 113 114 138 116 109 117 133 141 138 119 133 139 108 144 
132 112 150 147 138 137 134 149 145 146 101 119 144 128 123 125 134 142 132 130 105 135 120 109 
112 122 118 125 142 101 126 108 128 132 133 127 117 127 127 142 136 117 144 115 143 146 109 100 
111 106 113 103 121 123 111 111 144 131 137 112 101 143 107 119 148 145 100 105 126 125 123 134 
129 129 101 112 105 125 145 132 124 103 100 108 105 107 104 132 106 114 144 143 138 113 101 118 
101 139 103 122 107 144 108 141 128 112 144 129 149 147 121 124 145 112 110 112 137 109 125 133 
120 127 136 108 133 150 114 105 110 133 123 129 144 134 127 101 117 148 100 131 130 131 140 108 
141 140 142 108 121 131 118 112 122 127 124 107 130 123 125 131 129 121 132 123 125 124 150 112 
125 114 116 118 148 118 132 137 142 113 144 109 148 149 105 101 128 109 143 144 104 121 145 135 
104 105 106 141 111 108 133 118 142 122 122 107 117 115 119 122 102 110 124 133 112 147 107 144 
142 147 123 115 120 139 136 135 140 140 142 144 145 135 137 103 132 105 145 131 123 130 130 120 
116 107 120 147 123 113 101 146 126 134 144 146 102 121 121 112 111 120 119 111 120 100 137 126 
144 109 127 121 143 113 112 125 132 113 107 148 121 120 141 106 110 114 109 133 147 147 101 107 
129 117 115 122 139 130 139 112 129 131 133 146 107 146 148 107 115 111 116 112 140 121 115 110 
109 133 101 130 134 121 117 104 105 121 116 103 133 124 146 140 106 106 119 105 111 130 117 149 
112 145 147 124 124 135 114 117 133 117 102 139 144 112 116 120 112 129 137 112 124 145 115 135 
122 102 144 115 136 123 111 139 115 112 132 124 137 139 144 148 107 116 102 101 121 143 114 148 
103 132 132 128 138 105 129 101 117 149 137 147 106 134 148 106 128 147 148 142 132 104 142 129 
129 145 121 129 134 128 109 140 122 109 107 143 118 105 107 117 140 140 107 119 103 107 135 112 
126 116 134 138 112 133 136 126 140 117 113 105 148 114 146 150 119 110 137 145 141 126 117 122 
112 111 111 134 136 112 136 138 123 102 105 141 143 107 115 134 131 138 139 112 129 117 134 123 
112 149 127 114 131 117 143 105 139 133 115 117 100 135 129 127 136 148 113 139 121 115 138 120 
115 145 125 127 117 115 104 133 107 143 131 106 122 133 149 143 127 103 110 107 142 116 129 119 
147 142 113 118 136 150 148 109 134 140 129 111 134 133 128 121 103 148 111 145 123 125 140 142 
149 129 125 145 124 137 144 143 118 106 127 149 132 144 142 122 126 136 106 144 148 132 131 138 
116 102 101 111 133 129 128 125 101 125 142 111 140 115 144 103 106 138 109 130 126 110 128 118 
143 141 119 117 142 104 105 129 136 111 126 128 101 107 147 121 125 143 109 115 126 134 123 121 
124 102 106 122 119 128 142 131 106 101 103 120 124 104 126 125 141 139 113 105 147 130 115 105 
118 116 104 139 126 144 114 122 111 111 126 142 112 138 114 111 128 136 133 132 140 142 113 132 
118 149 103 125 118 126 101 136 148 149 101 119 108 139 102 129 138 122 100 147 118 123 129 111 
123 129 136 110 143 124 144 121 119 139 118 131 109 112 135 146 117 102 131 141 123 105 139 143 
131 122 145 128 128 106 142 127 122 118 102 127 102 136 125 112 128 134 125 120 123 134 126 129 
124 137 101 125 126 104 108 141 126 120 129 145 124 132 143 137 135 132 103 110 121 138 144 121 
129 120 148 127 137 109 122 132 133 149 100 116 134 117 136 110 140 131 138 120 143 111 119 140 
118 132 105 134 146 102 145 142 113 140 136 117 114 112 129 141 132 111 122 126 141 126 111 137 
133 120 135 121 141 106 121 145 136 149 130 105 138 148 138 139 147 129 121 125 120 116 122 123 
103 109 124 118 137 113 142 149 120 138 126 108 108 121 126 111 125 124 124 103 128 137 110 137 
137 103 138 143 135 131 107 113 129 136 143 148 115 141 124 102 137 114 127 116 131 142 101 133 
108 146 118 119 140 108 144 106 142 149 135 108 119 141 141 104 114 125 108 102 140 146 107 117 
107 141 123 144 110 126 117 137 111 141 144 147 147 117 132 106 135 113 139 145 126 145 140 135 
145 143 105 138 113 127 101 124 149 117 137 100 119 138 117 112 122 112 146 118 140 128 136 122 
125 142 121 101 117 148 147 132 104 126 142 125 131 133 100 149 146 132 140 135 122 142 122 104 
109 129 148 144 141 147 106 103 110 118 107 140 125 145 144 146 135 123 113 126 105 104 139 101 
107 110 118 131 136 138 103 103 134 115 117 106 116 120 141 104 102 102 145 127 119 114 118 140 
108 131 110 147 123 108 110 113 135 145 133 147 148 104 141 133 114 138 124 139 139 111 106 122 
133 122 117 119 117 105 123 134 130 134 139 116 113 133 127 132 135 145 141 149 124 132 141 140 
139 147 113 127 110 100 142 137 124 109 104 105 102 126 144 135 114 146 132 130 109 122 139 107 
131 113 103 107 129 121 149 132 132 116 110 139 112 119 134 101 145 138 100 142 134 135 114 137 
137 145 115 140 112 116 145 126 134 144 149 128 134 111 113 118 119 127 142 117 131 140 124 125 
134 120 128 148 115 129 126 149 109 117 117 140 109 141 108 110 147 109 145 148 139 126 146 147 
135 113 147 117 119 115 125 121 105 136 149 140 104 131 144 142 135 139 140 108 132 148 118 145 
139 148 104 124 127 112 146 145 144 147 139 149 105 115 131 139 119 128 131 120 129 131 124 135 
130 126 116 143 123 149 106 129 101 105 102 114 138 123 103 108 103 129 125 112 112 118 140 108 
142 140 111 117 103 124 122 136 131 112 127 107 103 113 110 106 116 119 141 128 123 118 118 139 
122 128 115 138 120 102 109 120 111 105 109 125 136 149 112 125 114 145 115 110 128 147 138 105 
119 113 112 106 118 140 115 135 132 117 138 127 133 128 123 127 101 135 142 145 102 129 146 103 
106 123 101 102 110 139 130 132 112 135 112 115 101 113 106 131 148 116 107 138 135 135 108 124 
135 108 140 119 101 110 123 122 149 135 143 111 128 149 127 107 131 143 105 134 109 127 103 133 
130 129 131 128 114 123 145 140 149 110 107 122 122 148 148 130 115 146 104 134 142 144 129 103 
105 148 141 144 100 127 134 113 104 132 131 142 119 149 135 127 109 124 137 150 110 100 101 105 
120 143 115 122 107 140 113 135 124 149 112 117 122 106 107 144 117 117 101 150 129 111 110 149 
121 114 128 111 128 116 146 149 139 117 140 123 139 139 147 102 104 127 123 106 119 138 124 140 
109 124 126 136 111 137 101 122 147 122 144 113 122 119 101 124 117 106 137 119 127 118 103 121 
144 129 103 132 103 122 145 146 124 136 144 139 141 127 148 101 119 101 134 102 134 105 147 144 
135 134 127 115 147 123 120 120 100 110 122 126 114 121 150 127 123 115 110 142 114 141 120 122 
104 105 140 101 117 124 142 109 125 149 104 131 128 150 121 126 140 124 149 115 135 145 106 106 
148 141 111 109 106 136 122 136 116 131 114 102 149 122 139 148 134 112 149 135 113 140 125 103 
116 108 123 114 104 149 129 102 140 103 129 125 145 110 114 105 132 106 133 102 148 132 148 108 
133 136 149 139 127 117 110 141 119 123 113 112 132 115 102 125 146 137 104 136 119 134 123 135 
103 125 112 142 132 109 100 143 141 126 103 134 137 124 130 150 104 147 133 113 115 144 132 106 
142 115 101 138 140 147 107 119 123 142 118 149 138 123 110 149 128 118 144 128 120 118 127 140 
144 107 105 124 146 145 121 143 138 132 124 113 115 142 121 124 139 108 133 121 135 143 143 109 
138 116 149 140 124 101 147 118 150 125 125 148 132 124 125 138 150 149 126 124 149 107 129 131 
116 110 121 122 134 133 126 129 147 135 103 134 133 118 100 125 133 103 128 115 109 122 121 136 
107 131 127 147 121 113 118 122 103 112 138 113 109 136 116 127 131 135 114 111 131 138 130 121 
119 111 148 130 102 106 123 112 122 134 127 117 137 102 113 123 143 141 100 148 105 113 107 123 
128 115 126 145 116 148 122 129 112 131 134 105 141 105 138 116 149 144 119 111 104 128 143 139 
142 128 145 110 103 135 103 128 102 149 135 129 117 143 123 123 108 141 116 103 128 104 140 104 
103 120 104 141 136 145 101 147 129 147 148 149 139 121 124 130 108 125 102 103 102 108 103 117 
112 108 117 124 146 126 127 133 120 130 107 141 123 147 108 131 122 103 133 125 111 124 126 139 
106 137 117 105 147 116 116 100 148 122 117 144 125 129 139 148 125 137 136 107 143 105 134 124 
143 122 140 144 149 125 110 121 125 120 112 102 148 111 121 133 123 142 119 108 110 139 119 123 
142 147 101 138 126 109 103 144 128 140 136 146 124 120 141 139 126 142 128 129 136 149 139 129 
146 130 109 114 118 141 130 145 111 139 125 121 120 104 112 139 148 142 132 147 118 106 108 142 
116 143 124 135 142 137 121 101 137 140 125 105 107 121 117 108 148 108 111 121 102 131 146 120 
114 101 146 128 132 126 140 105 116 121 148 116 106 124 113 145 145 110 118 107 138 148 123 103 
116 105 102 124 146 117 138 101 100 116 115 120 103 103 122 116 120 126 144 104 148 135 116 129 
106 149 117 120 142 121 100 150 133 123 100 120 132 111 137 141 102 103 114 148 120 131 103 115 
110 143 123 109 128 116 104 136 116 128 142 103 129 104 127 145 138 140 125 149 115 125 120 131 
102 134 114 119 132 115 117 136 124 138 120 107 111 119 136 101 137 115 121 116 107 113 118 144 
105 105 133 133 135 123 107 134 134 124 149 107 119 108 143 144 114 141 114 128 129 142 119 149 
115 119 100 112 143 112 146 104 108 127 127 119 136 111 122 122 147 120 133 147 103 102 120 123 
115 139 138 147 101 118 126 134 142 125 111 117 127 142 146 123 135 117 124 120 125 124 112 119 
119 144 118 123 110 116 111 117 108 111 145 122 139 107 106 132 125 137 131 130 140 122 137 126 
149 123 118 147 136 115 110 134 123 127 112 104 138 134 118 119 133 123 121 132 118 130 101 126 
142 113 103 103 112 126 131 108 106 123 142 107 101 146 144 108 137 103 143 137 118 148 144 109 
101 112 102 116 139 111 108 144 113 107 143 137 141 132 101 118 117 111 136 136 106 127 107 144 
112 143 123 135 131 142 110 144 113 128 135 117 141 117 143 103 111 106 111 114 106 105 144 105 
113 138 106 137 108 102 118 106 135 148 108 113 118 135 115 144 122 118 140 113 116 144 107 145 
127 122 116 145 128 138 143 149 109 149 143 127 101 143 139 149 141 136 120 132 147 116 104 138 
146 124 131 114 124 109 149 125 133 127 142 149 138 142 131 108 116 127 135 115 128 134 135 113 
129 133 103 133 128 140 131 146 130 115 124 143 108 137 130 102 146 145 150 101 139 134 110 100 
108 123 131 103 145 114 139 111 128 108 142 132 124 107 121 119 117 126 102 134 103 102 136 129 
145 141 101 114 121 124 110 147 134 106 103 113 136 112 121 119 106 118 125 102 116 112 137 135 
106 101 134 114 107 114 145 138 131 109 114 134 123 110 103 113 134 144 115 136 126 142 144 113 
138 141 108 119 120 126 142 128 116 131 130 144 140 110 137 135 142 111 136 126 102 110 122 140 
101 145 133 116 146 136 134 110 118 120 129 145 146 137 114 134 106 140 115 110 109 140 112 132 
121 117 149 110 140 106 119 142 147 147 139 139 147 137 143 105 127 100 122 123 117 143 109 128 
131 129 135 110 125 110 101 142 126 142 142 107 113 130 133 140 114 109 150 124 113 134 112 113 
140 116 130 110 129 135 128 114 113 109 125 143 112 119 133 116 142 140 116 124 106 107 103 103 
142 145 124 113 128 108 134 105 146 133 121 121 118 140 126 111 150 145 125 102 126 148 147 131 
102 135 108 143 122 140 131 138 130 119 131 104 135 114 122 149 111 136 149 114 122 110 132 145 
133 146 138 105 117 100 105 131 146 120 146 109 149 149 149 125 102 127 115 150 104 123 117 148 
141 119 122 134 148 109 107 138 110 146 100 142 142 137 108 113 136 135 120 124 127 115 130 111 
120 143 106 137 147 112 110 131 144 121 115 147 131 104 113 146 149 104 141 111 129 122 113 120 
120 118 141 129 107 114 101 146 149 106 137 132 126 100 148 139 150 119 129 131 103 101 126 148 
101 134 148 105 146 105 138 128 147 132 108 150 116 107 113 124 119 104 105 117 126 143 103 116 
117 115 114 118 106 140 147 136 117 150 133 106 107 114 137 134 130 115 122 132 124 130 150 118 
141 121 138 131 111 114 136 148 105 126 126 127 103 129 121 103 110 100 145 118 142 146 105 148 
111 110 148 130 107 136 142 127 122 122 108 106 142 101 108 103 129 122 143 109 147 132 144 134 
120 112 131 112 110 150 148 129 124 111 131 149 108 126 134 105 125 140 145 108 140 141 147 118 
132 117 131 132 139 113 137 140 126 125 106 110 112 122 145 126 110 147 111 132 105 147 148 108 
138 119 101 128 102 110 110 136 145 103 104 123 148 123 101 105 114 135 113 129 104 141 111 117 
131 125 132 148 122 126 144 130 133 102 112 116 112 113 150 104 102 148 144 104 123 138 134 118 
137 127 138 114 115 110 112 145 134 117 113 133 147 110 138 142 137 119 117 123 107 122 125 100 
103 125 108 133 103 147 148 117 132 123 124 133 106 143 131 113 113 149 108 127 141 104 114 131 
138 126 117 144 140 116 119 133 129 109 148 144 139 144 130 124 132 113 134 112 138 105 128 117 
127 139 118 116 107 113 141 139 105 145 144 148 145 119 149 124 106 112 122 134 101 118 106 136 
131 147 119 128 136 102 107 140 111 140 110 118 100 129 131 105 148 104 118 124 102 139 134 100 
119 123 110 102 145 136 106 115 149 126 128 142 149 118 129 137 141 124 130 125 143 120 110 149 
137 123 120 120 149 109 107 130 127 146 124 142 128 138 128 125 143 139 122 145 118 105 128 126 
148 126 114 139 141 120 128 114 110 105 147 128 145 124 129 116 125 142 129 124 119 125 103 125 
126 101 141 143 140 125 122 128 133 130 105 113 145 117 123 105 141 127 134 126 139 132 104 132 
110 115 149 143 116 145 105 101 126 145 116 145 129 132 129 104 130 107 114 140 117 143 137 129 
106 125 114 117 129 120 142 111 142 103 136 101 111 136 122 112 103 109 135 105 134 120 129 146 
118 108 138 141 141 112 129 130 141 135 129 116 128 107 124 138 113 116 137 148 147 111 113 126 
112 125 103 112 150 103 133 114 141 100 123 104 140 112 139 133 109 134 104 141 129 128 117 134 
108 124 148 120 143 101 127 109 117 110 111 123 132 113 140 126 116 106 124 127 141 137 102 131 
118 124 148 103 118 130 133 149 118 100 139 133 147 141 114 113 108 102 146 110 112 131 108 149 
149 143 126 150 133 137 113 123 128 127 130 141 138 103 101 149 107 105 111 116 110 113 141 120 
108 102 109 143 112 131 113 135 102 113 102 149 139 146 139 104 120 121 135 117 103 126 124 108 
123 128 113 101 141 130 106 125 146 111 124 132 104 118 114 110 103 141 130 127 125 128 136 105 
109 128 132 149 113 103 147 143 115 127 105 117 128 128 101 127 115 122 107 113 131 116 120 117 
111 115 105 145 115 115 110 131 107 106 137 103 117 102 121 104 144 117 124 123 148 105 125 122 
135 103 127 144 114 109 101 101 133 123 108 121 107 142 135 149 136 135 126 134 128 143 113 116 
102 106 145 101 134 108 101 135 125 144 123 135 124 128 104 101 132 143 113 110 134 143 110 129 
148 109 101 120 135 140 127 115 119 140 147 142 137 127 139 115 107 139 113 143 136 142 115 135 
148 133 107 100 130 133 134 134 132 121 104 107 121 139 112 138 133 137 126 138 140 129 149 122 
128 131 114 110 104 143 124 143 109 120 101 148 143 102 107 105 130 109 128 143 123 104 127 114 
101 129 112 121 123 147 106 114 119 147 101 102 115 143 140 126 143 138 144 117 101 103 106 104 
104 137 136 119 147 111 109 149 115 149 128 148 127 123 113 141 112 136 126 146 112 104 105 132 
145 116 139 121 125 138 141 101 147 139 119 109 136 135 134 117 115 122 109 145 117 145 118 129 
104 115 127 121 101 132 106 148 140 122 105 107 141 102 123 113 150 107 116 109 127 136 128 103 
101 102 113 145 148 136 122 121 118 148 145 149 118 117 142 137 147 145 142 150 148 118 126 146 
111 131 125 124 121 104 139 134 103 114 135 122 128 142 102 117 120 146 138 130 145 120 134 128 
144 141 146 139 128 128 104 128 104 134 118 108 145 142 144 126 137 139 125 139 130 123 116 113 
133 146 145 132 120 110 143 105 131 116 121 116 112 131 102 104 141 117 103 106 116 110 116 116 
125 107 146 128 111 141 124 137 149 106 148 132 103 109 135 148 142 119 145 116 147 125 120 125 
138 144 141 137 104 111 139 108 110 134 142 137 120 149 146 143 146 145 139 106 143 124 138 117 
116 131 133 107 105 142 129 130 124 132 107 139 149 132 118 108 114 112 103 112 118 130 132 145 
149 125 133 112 135 142 115 147 102 100 101 125 148 137 135 144 111 141 109 104 122 132 148 112 
106 145 125 141 138 138 123 111 147 100 130 136 141 116 121 133 129 137 129 120 145 134 142 112 
105 110 146 121 140 128 126 148 116 143 128 143 100 134 114 148 104 146 133 128 101 105 121 120 
121 148 129 137 136 105 116 137 120 103 126 110 130 143 113 114 150 109 118 102 126 127 121 143 
125 106 110 141 147 112 104 143 105 127 106 111 139 117 100 125 144 138 129 117 146 135 102 117 
150 126 150 112 102 112 142 101 121 125 105 120 117 125 143 115 131 145 121 104 126 117 127 118 
150 135 120 145 128 141 128 111 113 148 145 114 146 111 124 136 119 142 109 140 121 102 116 118 
132 138 106 145 126 122 135 134 113 101 116 104 120 116 137 139 102 140 104 132 118 109 123 109 
132 130 117 100 102 118 113 138 142 145 133 115 145 108 131 110 122 118 147 138 130 123 145 118 
111 115 118 118 135 145 125 115 118 130 147 106 101 145 105 110 106 100 118 144 128 102 103 136 
147 136 121 126 101 118 103 131 128 123 136 135 137 103 103 126 146 145 102 113 125 145 105 150 
148 119 145 141 126 114 138 100 147 108 138 109 116 143 117 116 101 144 127 101 149 146 133 126 
112 127 133 114 105 113 134 100 130 140 123 140 105 133 132 120 142 132 106 141 121 114 102 103 
101 121 146 126 147 110 110 105 147 117 107 128 113 107 135 116 122 110 106 136 114 114 107 138 
121 138 103 117 132 107 104 106 136 103 148 148 119 140 112 142 139 130 116 140 127 147 134 103 
112 128 101 125 148 115 124 107 109 128 139 122 103 104 113 108 114 134 147 129 131 130 112 149 
141 103 145 142 142 146 111 108 121 130 137 140 113 139 147 132 129 115 126 112 138 126 122 106 
111 141 137 138 144 113 142 107 139 124 133 115 139 104 105 110 117 129 126 146 136 120 106 107 
119 113 136 107 108 122 147 143 130 122 104 142 121 149 110 109 113 127 140 129 144 145 134 104 
130 108 127 124 135 115 114 106 143 124 119 132 112 113 138 102 117 139 137 146 148 113 110 143 
102 131 110 121 144 108 110 145 115 103 115 112 128 141 127 118 107 128 116 100 142 127 144 145 
128 102 145 132 145 136 142 137 120 126 132 141 103 131 148 136 117 146 138 143 102 117 112 142 
123 123 122 107 147 139 127 150 137 111 120 145 127 145 118 144 117 114 112 141 121 147 134 113 
134 103 135 138 122 147 110 122 121 114 100 118 148 109 125 148 107 145 103 137 126 148 132 134 
145 148 126 109 105 119 137 141 132 114 150 139 147 117 147 137 116 149 148 106 101 124 118 120 
149 101 143 103 147 127 124 129 123 121 144 113 127 130 126 148 108 129 144 101 146 127 101 140 
120 113 110 143 111 135 139 127 137 133 119 119 137 125 141 148 147 106 138 138 142 119 129 115 
106 102 113 132 110 136 118 148 107 113 141 138 148 145 143 104 123 138 145 134 147 137 103 140 
110 142 149 125 148 127 103 116 127 124 149 132 117 144 121 129 127 119 120 124 107 102 116 150 
102 102 142 107 146 144 115 129 110 127 101 112 106 129 143 106 149 119 101 131 143 140 127 143 
119 102 117 101 127 134 141 111 125 131 148 148 137 111 135 146 118 103 112 120 148 128 100 111 
137 126 148 126 132 133 111 131 127 125 105 122 102 138 114 127 110 147 130 105 119 116 135 124 
141 149 111 144 145 141 142 118 106 144 105 125 105 146 122 104 111 130 122 134 144 123 104 115 
113 122 106 103 101 147 115 137 136 118 102 141 119 139 120 111 140 117 140 132 126 102 141 129 
116 127 141 115 102 146 122 113 135 120 149 135 118 137 120 132 124 125 128 121 109 137 130 112 
