529 565 533 511 597 504 538 500 554 556 522 553 588 503 551 553 546 508 520 597 594 532 544 542 599 560 507 501 502 581 557 552 512 598 585 539 531 554 515 580 
517 590 526 596 516 597 541 537 537 505 577 573 552 531 550 565 528 577 553 541 548 553 567 541 555 560 580 503 540 558 506 509 556 520 539 506 517 519 586 584 
538 525 555 558 600 593 507 595 560 573 580 596 538 581 556 596 548 503 527 564 560 515 579 512 599 562 502 538 537 506 585 564 514 551 578 555 504 505 507 516 
518 519 576 502 593 538 504 506 523 541 580 597 525 550 517 509 557 546 560 536 509 518 562 565 550 528 540 538 506 578 585 554 587 502 560 537 599 523 545 531 
505 552 586 593 523 512 567 507 572 516 520 539 508 543 521 591 504 566 558 544 577 551 563 578 558 525 537 526 556 565 514 598 571 580 543 566 546 579 594 512 
576 534 500 579 502 599 595 570 558 544 522 585 569 594 512 505 588 508 552 538 537 522 506 509 598 540 551 552 546 566 534 529 540 582 583 591 505 541 504 551 
575 514 555 548 572 514 599 502 552 598 541 594 539 591 529 539 521 520 565 513 587 520 549 563 528 567 572 509 534 556 504 514 546 600 559 598 561 552 541 589 
592 561 585 569 534 506 552 545 580 582 548 542 595 529 577 525 551 522 541 573 555 574 543 568 550 506 571 579 554 593 562 544 577 599 565 596 524 543 563 566 
577 572 525 562 518 523 587 534 520 511 588 534 545 569 512 558 502 517 517 521 565 564 540 504 547 539 510 567 594 521 521 526 531 514 537 536 573 579 533 520 
599 532 590 552 536 557 600 562 510 500 565 543 552 539 566 567 577 548 557 537 566 510 508 538 526 522 591 563 500 520 505 529 556 518 554 503 576 509 546 502 
525 513 575 552 579 543 594 501 520 529 599 528 549 526 582 505 567 594 516 584 520 523 583 522 521 542 574 580 576 544 593 543 594 600 557 550 558 554 593 538 
567 525 541 531 596 545 534 529 534 525 513 588 582 518 591 583 534 520 579 598 567 538 538 594 517 501 520 535 514 508 503 588 598 526 550 510 555 596 534 505 
533 500 514 509 518 593 548 518 500 514 588 596 553 527 592 516 597 554 529 507 527 596 588 531 532 566 512 504 523 569 592 533 552 507 527 535 599 600 523 561 
545 535 565 540 562 508 524 521 591 593 552 566 595 577 587 528 587 534 581 533 597 519 504 516 509 533 598 508 584 551 589 575 564 547 571 527 599 541 522 578 
570 559 520 520 578 572 567 523 526 568 537 596 530 566 510 562 512 568 556 528 577 529 573 558 578 566 515 586 503 559 542 515 565 595 577 587 559 574 579 542 
514 567 535 580 582 501 547 594 505 513 570 554 576 584 511 543 584 570 511 586 595 560 562 520 524 556 533 595 592 544 508 599 572 586 558 557 576 585 597 545 
528 576 504 511 530 544 503 502 513 597 528 531 534 522 535 550 564 509 516 591 557 521 530 502 526 546 575 594 546 559 548 567 565 582 567 592 588 509 560 550 
577 549 544 572 572 597 544 527 525 535 528 539 514 523 559 550 564 532 588 549 597 541 540 530 598 571 566 557 558 562 566 548 527 596 501 505 501 519 552 545 
521 534 597 523 555 547 507 540 587 501 589 581 550 530 521 528 563 504 561 542 554 568 523 506 503 581 554 573 513 506 556 573 596 528 528 554 555 576 532 570 
564 580 512 546 504 512 503 582 599 565 518 559 553 578 509 584 591 517 529 575 549 561 543 559 576 565 559 572 529 580 594 541 582 572 587 508 580 561 510 540 
506 565 560 600 546 533 528 501 570 598 573 562 552 580 539 530 519 518 513 546 585 520 508 560 504 560 591 535 583 543 533 584 593 541 522 538 593 564 568 529 
570 596 506 546 524 549 564 598 575 593 552 581 572 552 593 546 518 506 503 505 549 517 586 532 534 568 506 534 574 600 546 506 526 566 579 599 574 553 586 561 
532 530 527 518 540 527 531 527 588 561 556 512 599 542 553 540 522 553 527 537 545 568 571 531 525 551 521 560 575 574 573 507 573 505 536 539 587 598 518 552 
517 560 591 563 595 577 549 504 518 543 577 588 587 596 588 572 567 584 599 533 514 597 547 520 529 537 572 571 519 519 516 584 587 532 510 587 589 585 567 568 
511 526 566 524 564 517 538 568 511 588 563 594 549 516 536 577 531 586 580 587 594 554 505 511 524 599 530 535 582 535 531 521 563 536 586 580 572 572 508 532 
532 585 507 595 558 528 526 557 563 559 510 509 584 572 540 547 543 580 532 582 569 509 555 506 568 555 557 592 594 515 582 552 576 593 518 564 596 546 518 541 
517 514 566 513 523 558 502 532 503 596 521 535 501 600 590 518 502 517 582 501 554 511 599 597 507 535 528 508 544 597 578 515 543 561 564 532 561 513 550 540 
565 571 572 530 529 519 580 510 581 510 503 557 567 544 503 521 565 538 570 521 566 525 591 575 506 566 583 556 519 554 577 578 538 535 588 540 567 595 514 597 
506 578 549 518 597 519 598 561 519 536 530 580 560 597 514 528 536 555 517 540 540 522 558 591 535 528 551 576 535 583 581 555 522 527 594 559 504 563 598 546 
517 576 600 553 511 504 530 598 582 514 532 504 541 584 511 567 530 505 577 589 522 560 520 529 572 528 506 572 503 531 583 597 542 520 531 503 544 563 600 525 
565 598 513 535 571 533 543 536 504 536 566 576 531 535 577 533 545 518 503 566 513 508 551 530 565 546 587 587 581 524 515 572 533 527 525 593 560 595 505 576 
503 508 558 582 535 548 554 553 534 503 506 577 513 511 572 560 595 555 597 561 587 567 554 526 511 594 556 514 572 530 549 514 591 534 585 600 533 574 566 553 
585 563 590 565 592 593 541 504 536 570 509 584 530 514 529 503 557 568 582 510 560 536 574 533 600 552 524 580 598 528 591 575 555 556 540 522 505 547 527 584 
539 543 542 521 530 523 548 547 512 593 510 576 520 551 588 571 586 525 549 527 536 564 525 544 561 515 500 572 525 509 535 530 554 555 540 544 512 596 560 539 
557 598 536 590 541 558 551 525 581 553 588 507 532 583 534 570 533 561 532 572 597 559 550 584 583 519 527 537 563 582 511 594 563 592 597 519 560 586 538 557 
547 567 571 550 510 533 510 552 571 597 562 523 588 526 595 502 536 588 554 501 582 580 599 571 546 575 527 519 514 515 584 593 528 539 588 550 582 513 518 581 
595 517 541 565 545 590 584 557 579 552 560 552 531 539 523 568 516 534 504 541 596 577 544 530 504 578 539 573 502 575 556 542 598 504 592 583 543 589 572 543 
593 544 520 529 593 566 541 534 539 551 509 531 504 562 540 534 543 543 586 556 519 530 504 519 502 540 565 511 543 514 514 579 523 544 598 594 524 525 518 563 
581 506 575 537 598 519 517 551 556 535 510 512 532 548 577 596 506 502 590 537 540 521 511 508 532 579 506 538 504 544 585 505 564 576 543 509 550 560 599 501 
546 508 563 533 540 562 582 562 546 569 532 599 522 529 567 506 556 531 547 579 590 515 586 565 523 543 514 503 598 561 536 588 569 572 518 594 598 575 566 514 
542 527 541 597 519 525 544 581 554 534 578 572 571 596 536 506 553 595 502 586 503 568 561 501 578 588 527 553 568 555 573 558 554 566 508 589 555 564 512 577 
565 583 557 508 521 520 569 554 566 527 588 535 593 600 543 515 583 583 568 559 574 545 595 515 534 588 517 598 506 578 500 578 555 533 600 517 552 591 599 600 
545 550 570 544 528 550 539 598 599 543 504 549 553 565 527 522 581 510 595 515 549 573 557 509 579 503 530 571 565 593 565 503 592 586 520 527 543 590 549 510 
503 521 535 558 509 512 516 536 592 564 573 500 518 537 596 544 526 583 533 590 506 589 588 593 586 578 537 516 505 573 566 511 587 541 548 516 568 566 520 537 
517 504 529 588 554 538 554 502 575 530 511 543 518 527 524 576 537 591 598 572 568 535 533 558 508 598 572 555 529 593 557 532 509 507 551 588 560 534 541 556 
550 576 536 550 593 541 516 536 532 514 510 581 525 503 590 515 543 562 532 510 515 546 560 555 583 573 582 591 554 569 596 534 571 532 599 588 528 554 550 535 
596 564 566 563 557 593 536 550 543 583 500 524 534 572 528 574 561 537 578 570 523 581 537 521 508 588 566 590 574 586 504 521 542 588 600 570 593 514 575 541 
586 592 552 550 521 509 583 593 532 561 560 583 574 503 516 565 533 516 534 554 594 548 504 529 522 569 532 593 559 572 571 580 526 504 517 553 501 596 518 554 
503 548 565 578 588 566 575 578 574 577 578 540 510 554 575 584 585 527 531 563 529 576 502 574 553 526 530 515 537 572 554 541 550 535 504 596 576 504 592 537 
569 520 509 577 565 520 598 504 524 520 562 554 585 536 512 549 541 550 589 539 584 580 592 582 575 503 510 570 527 554 540 592 517 587 524 567 565 566 557 505 
536 552 539 588 564 567 568 555 504 568 506 548 543 569 567 553 555 580 594 536 563 564 539 568 533 515 561 582 541 522 598 599 568 574 581 536 514 597 504 565 
545 566 559 593 511 600 598 583 598 540 595 527 595 590 507 565 600 542 553 575 600 531 580 505 577 584 566 523 545 565 587 582 515 532 546 553 541 547 545 553 
596 507 540 585 572 503 516 563 523 507 578 577 575 548 526 545 578 535 579 529 584 524 557 540 562 557 540 538 587 500 560 503 576 563 588 555 539 593 543 525 
582 554 515 505 581 549 580 550 598 536 568 596 529 549 589 508 584 539 539 594 563 569 540 532 555 545 591 597 583 567 524 501 583 536 594 560 567 530 557 564 
533 554 501 524 598 535 545 592 587 587 520 507 593 588 582 504 593 551 542 584 593 561 507 531 514 516 554 534 572 510 597 547 596 520 510 583 589 503 523 540 
529 520 594 500 564 514 533 550 547 544 530 504 511 532 504 546 599 574 591 513 572 539 519 576 572 528 555 509 524 503 513 544 584 576 558 546 584 536 547 569 
519 552 594 568 582 570 548 575 546 506 514 578 540 593 573 549 574 543 567 511 510 513 550 542 586 512 546 561 527 574 534 535 516 576 575 508 511 597 540 542 
505 529 598 508 593 587 595 590 590 500 508 572 590 550 569 525 588 507 585 513 593 583 517 596 501 588 569 586 515 573 507 577 518 584 535 587 551 569 557 550 
543 510 523 555 593 567 552 534 511 565 549 526 558 557 583 582 543 536 580 589 576 594 555 512 576 540 592 501 585 528 523 510 538 559 590 502 590 555 588 569 
502 519 508 578 528 531 534 503 573 548 574 540 593 600 519 589 568 595 558 549 573 596 600 586 521 519 575 540 548 554 524 590 580 533 584 508 591 585 546 556 
536 536 533 598 537 577 518 560 535 582 500 537 553 553 593 531 526 541 587 584 581 546 514 517 599 509 504 521 573 547 517 525 547 597 505 559 503 559 507 593 
525 568 518 589 575 525 557 539 533 567 529 539 503 567 579 540 589 583 552 584 587 596 522 588 540 514 559 563 564 532 534 571 547 562 595 546 555 593 550 545 
519 527 550 504 582 504 555 515 522 535 524 536 589 565 566 515 521 566 539 594 522 535 587 501 518 515 550 570 527 594 587 532 512 545 500 576 595 502 547 571 
553 588 578 588 530 543 537 577 527 525 517 585 565 569 553 512 523 523 596 546 597 522 593 532 542 544 585 550 577 564 586 514 584 512 590 528 510 581 558 545 
572 562 542 521 515 592 567 558 565 532 586 588 598 533 555 531 597 543 516 524 578 557 574 525 507 530 508 520 531 593 544 593 505 549 501 540 587 528 567 527 
519 539 572 541 539 550 575 570 574 567 563 504 513 512 548 570 566 515 600 513 549 559 551 505 561 561 563 539 536 568 546 537 583 598 555 581 560 562 527 547 
534 545 512 505 518 531 523 598 505 600 512 539 528 529 529 572 514 583 541 577 514 574 507 543 534 519 540 522 588 530 503 526 553 516 512 552 600 587 551 546 
521 576 521 520 593 525 580 501 530 509 538 574 524 582 514 542 580 576 587 519 585 589 575 532 577 531 535 589 593 527 572 542 521 598 584 568 584 548 505 516 
523 548 503 521 570 503 547 569 513 506 564 568 506 553 539 562 574 556 523 577 510 580 568 510 570 587 596 590 506 573 561 560 504 526 585 575 512 529 553 508 
562 514 504 513 547 514 574 582 587 578 543 598 597 551 516 568 549 533 538 590 587 562 513 600 537 587 586 570 517 534 502 591 545 576 555 544 502 551 596 534 
588 502 544 561 582 534 541 535 504 599 538 574 527 559 588 526 590 500 512 514 516 580 536 501 527 542 532 506 518 526 504 536 532 560 504 501 535 509 568 537 
502 522 514 551 552 599 525 562 590 561 527 597 554 517 528 577 565 539 574 500 540 595 543 589 505 511 586 586 515 546 578 502 583 520 535 538 570 506 534 560 
576 593 508 590 543 587 530 517 569 575 591 583 574 505 549 576 586 545 594 518 527 511 557 569 514 590 571 559 520 500 541 511 551 555 596 550 519 528 525 578 
550 539 526 576 532 598 505 568 591 588 520 535 573 565 553 593 538 517 547 555 528 500 550 543 534 537 550 523 590 576 589 583 576 509 600 563 591 519 595 526 
533 600 501 517 505 570 526 541 536 573 594 582 558 524 590 525 518 573 599 549 590 570 532 521 524 553 568 597 541 511 557 505 569 584 575 587 582 592 506 600 
569 519 506 515 567 594 568 571 516 536 598 561 538 552 562 555 532 528 574 502 544 527 535 556 560 586 525 516 517 501 539 581 541 513 589 552 557 542 529 546 
523 543 577 591 582 574 530 518 555 591 502 575 582 525 531 528 519 597 542 523 534 579 545 518 545 509 517 516 530 506 599 562 559 563 599 574 560 598 589 522 
514 597 528 592 512 578 563 576 566 560 573 582 521 520 572 576 521 562 585 561 537 541 546 588 530 512 508 546 549 599 542 559 554 600 578 509 520 571 512 557 
579 570 573 522 582 534 544 549 506 531 559 570 535 516 531 549 578 564 585 556 517 572 501 502 593 563 575 565 573 511 579 540 552 577 563 532 590 548 520 567 
588 581 534 564 540 523 558 532 535 548 503 559 581 531 532 514 579 557 596 585 572 522 538 504 543 592 579 563 543 513 543 599 560 588 583 500 578 573 532 585 
574 556 574 526 556 513 519 545 538 561 523 585 506 555 587 545 530 588 526 532 511 506 595 553 572 540 511 578 538 505 509 525 566 542 508 547 510 583 506 537 
532 574 600 575 504 587 503 577 564 501 531 524 597 529 549 581 585 541 512 542 528 587 549 539 529 527 566 529 515 534 559 528 509 507 580 558 591 528 594 533 
518 538 599 596 584 519 523 585 524 515 514 581 526 519 573 586 584 504 507 504 504 595 512 558 558 597 585 539 535 520 554 574 549 576 561 581 589 545 534 514 
530 510 542 540 532 536 509 500 506 537 550 531 520 528 525 564 562 501 552 523 508 540 512 586 541 570 533 589 521 514 549 572 515 595 563 514 525 512 553 598 
580 567 518 598 570 536 537 591 549 505 592 522 533 509 591 588 565 548 562 512 526 575 539 520 512 572 543 555 512 562 517 575 551 515 598 525 583 564 515 591 
548 526 541 557 540 589 555 532 530 523 586 525 549 520 533 578 534 574 600 577 584 545 582 514 580 584 592 570 554 502 512 529 540 513 511 559 519 588 569 505 
536 590 585 592 579 589 570 529 519 567 556 556 567 570 556 587 593 563 569 528 507 589 517 583 513 551 548 575 570 563 545 538 526 532 530 567 507 570 553 523 
591 556 592 535 577 596 521 556 539 530 518 536 539 515 509 547 512 566 579 569 562 526 598 503 541 523 543 597 580 506 500 576 508 589 597 527 570 534 590 579 
540 555 505 579 582 527 511 539 596 526 571 526 581 542 503 519 573 529 544 527 550 597 501 580 516 555 526 514 501 555 559 513 547 502 520 587 548 527 541 598 
588 545 580 558 585 535 541 554 517 513 509 502 529 500 568 501 504 593 552 559 571 589 561 513 587 533 535 544 588 580 569 593 532 586 506 600 557 592 558 530 
526 540 519 567 543 538 589 582 556 591 515 501 584 530 517 541 524 515 555 587 541 514 564 519 540 565 547 520 559 566 514 523 560 574 516 579 585 597 580 550 
505 592 581 561 597 537 590 565 506 514 573 512 591 527 553 507 550 551 548 519 584 574 541 569 545 589 555 599 567 533 541 514 582 595 592 545 575 541 541 566 
523 508 519 575 517 584 573 524 579 573 560 535 509 509 589 567 521 565 557 503 573 573 507 574 576 559 518 548 547 545 577 534 555 584 518 597 548 525 519 575 
574 521 589 545 548 535 587 579 598 596 563 581 514 522 502 518 581 506 514 557 553 526 509 581 530 542 540 565 513 567 505 510 566 551 548 571 507 596 590 537 
509 591 586 545 580 560 590 531 552 524 569 551 501 543 502 534 573 600 554 537 501 508 512 522 523 584 516 577 536 514 536 544 560 578 565 525 593 551 531 592 
560 571 561 510 519 536 528 547 561 595 582 544 506 526 542 554 503 515 586 581 580 596 597 577 589 504 517 578 558 541 533 582 539 576 510 511 511 529 522 597 
579 590 551 594 585 587 570 501 509 509 519 549 536 538 532 592 513 545 591 589 522 565 504 587 547 546 534 538 503 537 532 593 567 571 546 574 509 546 502 513 
539 512 598 506 503 522 543 525 585 502 523 573 520 550 507 597 512 564 595 581 506 564 575 575 578 556 563 554 518 551 522 597 541 549 582 533 537 526 522 595 
546 508 585 581 535 514 513 513 589 597 559 539 560 510 586 518 528 592 565 591 574 545 549 525 566 528 556 574 502 523 514 509 577 528 540 600 544 575 552 549 
514 594 546 526 592 573 576 536 553 567 531 529 511 568 588 528 520 542 587 537 528 586 558 566 554 569 597 558 579 549 568 534 553 596 583 570 570 552 582 586 
558 503 510 506 593 563 586 508 521 576 577 599 557 590 551 555 501 573 561 529 572 556 572 517 560 532 560 522 550 548 521 568 573 567 579 554 562 580 581 538 
545 507 515 506 501 516 595 563 542 530 589 529 515 523 594 569 525 527 578 552 539 573 543 532 504 569 588 504 595 572 558 562 586 508 530 582 594 554 551 576 
554 573 542 529 507 586 538 586 533 502 507 558 537 546 585 576 587 568 519 588 555 508 503 505 505 550 544 524 546 505 592 585 520 588 535 549 515 594 534 593 
511 579 536 566 600 500 521 556 542 576 537 543 546 569 553 567 587 508 528 511 594 585 560 584 585 511 597 568 518 510 589 546 586 586 529 535 585 587 519 582 
525 556 545 515 565 553 551 536 588 559 551 507 557 529 514 577 506 535 517 523 567 519 545 537 536 554 574 557 511 575 594 528 583 532 535 558 554 578 599 582 
595 592 534 561 587 593 584 579 504 514 503 514 536 526 528 594 543 527 540 564 503 557 557 528 503 586 540 543 556 589 511 569 575 505 508 513 525 557 527 524 
523 562 529 507 572 560 503 587 546 559 529 529 556 552 573 586 569 567 591 557 563 553 565 549 527 513 559 595 553 529 578 559 577 559 594 535 555 582 526 531 
595 524 529 570 576 507 509 574 515 586 569 506 577 570 560 573 540 545 588 534 546 547 504 555 505 554 572 505 543 581 599 586 505 511 565 551 545 502 595 537 
574 530 554 520 555 572 563 588 543 554 560 559 526 583 555 510 526 567 566 596 533 582 521 564 506 536 555 588 564 553 567 596 539 554 584 558 568 528 569 547 
555 516 559 599 515 547 519 545 590 592 561 569 507 547 542 530 598 537 564 551 513 513 528 553 505 593 504 506 552 544 546 503 546 535 542 590 588 586 578 514 
532 503 576 564 592 579 516 506 506 581 553 566 503 577 598 590 535 559 522 583 558 571 598 520 584 543 589 575 527 593 553 507 524 555 520 504 505 527 556 573 
529 569 535 520 524 584 567 577 501 548 559 544 512 503 508 574 588 507 559 509 572 507 566 547 531 583 540 502 515 583 582 575 596 536 528 563 505 523 551 570 
545 542 504 585 562 584 599 553 586 531 542 563 579 514 589 501 561 515 582 561 591 591 582 522 521 553 507 512 564 531 539 519 531 510 570 540 534 511 584 565 
562 557 513 526 564 556 594 576 519 566 535 576 553 551 556 595 549 535 558 551 559 502 553 567 594 514 539 593 585 532 518 537 515 572 582 506 568 528 514 528 
560 545 592 541 531 515 577 543 518 539 532 541 546 585 597 556 599 512 525 573 555 557 553 521 507 505 551 536 600 585 588 561 545 557 597 549 515 596 541 595 
505 571 595 513 528 591 511 530 588 559 519 563 520 555 590 593 520 538 567 578 594 542 520 533 590 510 504 596 507 572 517 555 583 588 586 583 511 592 524 536 
539 512 546 597 548 559 533 564 507 503 572 522 564 581 529 556 521 510 524 584 577 583 506 510 573 598 564 543 553 529 509 528 515 532 520 572 548 571 541 574 
544 588 557 593 555 553 503 504 525 572 583 525 513 541 591 533 598 569 566 576 522 512 533 572 519 587 593 540 526 561 584 500 589 538 518 553 596 577 552 509 
509 520 572 544 577 529 589 581 534 527 560 549 548 523 512 546 547 556 508 523 539 576 591 560 526 563 506 502 552 549 561 571 547 591 504 578 555 503 506 507 
566 560 595 522 573 521 564 547 538 534 557 504 542 536 508 514 526 532 582 585 582 541 546 558 535 535 560 589 516 502 591 555 537 526 555 548 506 542 563 588 
535 530 529 542 550 543 549 567 597 588 569 591 586 507 600 510 545 522 552 554 556 542 587 565 508 549 515 581 578 508 589 510 528 575 567 567 585 582 549 572 
537 539 505 561 563 583 554 538 577 543 566 580 559 525 583 581 502 525 590 572 593 523 584 576 514 521 518 583 529 523 518 537 585 571 597 586 560 594 526 536 
514 515 523 500 548 542 572 548 566 529 592 577 582 580 505 581 550 549 588 578 582 526 591 521 581 546 573 512 528 553 574 574 573 583 528 579 536 572 500 519 
517 511 581 561 554 565 577 550 502 568 593 519 510 543 589 544 512 506 538 545 575 568 550 509 558 520 523 515 580 591 520 554 500 505 516 597 553 557 542 545 
502 519 517 563 501 522 562 587 568 576 523 553 518 541 556 585 516 536 543 544 537 571 545 529 540 529 515 571 507 534 521 567 598 580 559 552 517 510 548 595 
594 568 540 567 536 576 590 534 587 578 567 544 513 581 502 536 593 589 599 586 585 574 557 558 511 568 590 522 547 553 527 579 547 584 536 588 524 577 505 583 
559 532 571 534 518 599 586 582 500 584 553 566 548 560 576 504 583 540 504 504 560 505 571 522 542 518 546 587 547 555 563 556 519 529 582 583 520 504 510 501 
543 504 575 556 500 582 535 541 536 501 575 529 562 527 598 583 514 559 545 508 590 529 581 575 510 547 531 508 597 588 559 551 594 539 529 526 547 539 580 555 
521 500 504 526 541 590 526 594 562 598 501 575 514 531 594 565 579 511 505 579 590 555 547 516 571 579 501 576 543 545 593 587 570 543 577 532 528 581 524 569 
510 525 528 590 509 508 597 557 534 501 501 522 556 524 566 515 590 516 549 538 551 530 550 533 556 584 518 589 546 502 571 506 554 536 542 539 544 523 510 592 
597 554 581 525 523 532 538 599 517 552 558 579 587 544 573 552 537 541 537 553 566 579 599 587 520 536 511 596 524 563 520 521 554 564 522 534 540 541 574 559 
524 596 592 504 583 559 582 567 517 587 591 592 554 557 557 585 513 542 509 525 543 537 542 513 512 588 569 565 534 536 522 526 539 572 548 560 530 573 550 565 
593 563 530 590 533 512 556 566 574 585 568 579 533 583 570 553 550 549 593 500 559 529 520 574 502 519 510 537 541 515 553 506 513 574 554 555 529 547 527 589 
529 512 536 513 520 569 528 548 571 537 536 593 551 568 553 527 517 594 598 575 597 543 526 520 526 598 565 514 527 599 571 516 546 594 522 576 579 598 524 529 
559 515 573 575 583 530 504 557 502 580 526 563 501 553 515 516 536 584 522 524 524 542 514 507 586 524 557 522 584 507 505 556 527 521 559 552 515 534 505 589 
549 584 554 543 536 579 531 580 556 558 590 570 583 587 560 528 556 522 542 510 562 577 509 520 575 570 583 513 549 538 594 508 569 539 539 517 512 594 502 582 
561 525 596 570 582 589 543 556 562 539 503 508 545 528 518 544 540 558 525 533 581 542 566 555 553 514 590 544 523 520 527 576 537 573 584 578 574 549 581 575 
566 559 545 594 527 529 510 589 549 566 504 570 555 597 525 535 519 510 519 548 500 523 527 506 543 576 563 587 533 515 531 587 532 503 503 562 514 597 514 558 
576 561 534 577 516 502 540 521 567 567 598 520 561 521 502 507 553 596 564 532 512 587 536 508 585 531 597 525 575 504 563 594 591 501 576 598 563 508 597 552 
535 566 508 517 568 588 580 509 520 588 593 594 595 520 585 578 563 546 584 514 501 573 545 589 512 538 592 575 502 525 550 541 548 533 595 574 577 553 574 540 
521 502 582 501 548 529 564 560 567 596 511 587 555 590 559 584 564 521 600 549 599 521 578 576 574 541 521 596 594 505 532 530 514 584 543 534 575 586 507 542 
518 580 569 529 521 500 566 572 527 597 520 566 533 527 534 524 574 514 520 571 524 599 592 511 590 585 524 528 570 531 550 544 508 547 547 554 567 516 544 502 
592 517 537 577 551 540 502 532 559 527 547 568 531 554 533 525 527 557 556 575 569 569 586 518 554 503 581 509 587 517 538 582 512 538 545 541 519 526 547 534 
540 515 536 540 582 560 530 522 541 562 512 529 505 577 517 553 550 510 513 582 562 553 517 584 555 526 508 532 573 522 569 549 584 573 547 530 509 579 509 569 
542 571 558 508 560 504 506 578 523 594 540 595 512 549 523 541 561 559 507 537 579 540 559 590 564 556 527 570 556 549 595 546 587 570 504 596 519 577 531 563 
582 544 567 517 544 508 530 559 589 531 596 564 579 573 547 563 514 587 555 588 534 589 570 555 528 562 561 549 521 503 540 525 572 518 563 561 512 512 590 511 
577 554 555 542 549 593 558 569 581 560 501 510 576 597 521 521 573 569 592 595 516 571 600 529 533 544 511 591 565 530 591 548 589 562 543 524 549 556 568 513 
580 539 577 563 588 559 600 594 533 537 564 539 512 557 554 591 543 523 565 522 502 514 510 598 572 514 549 593 578 508 549 501 546 564 589 575 501 548 571 555 
578 538 504 566 537 524 573 585 580 535 598 524 528 509 562 568 506 596 550 562 526 583 532 547 586 553 593 585 527 529 565 516 589 573 549 542 582 531 506 540 
570 540 560 527 501 550 558 551 561 525 558 577 527 512 552 573 535 509 544 539 512 562 536 524 511 578 503 522 563 530 539 548 544 580 528 520 590 572 557 526 
548 554 580 525 514 521 506 516 505 515 553 597 585 503 510 566 507 521 585 548 569 571 544 565 585 584 559 561 526 507 515 563 570 570 563 529 570 537 504 527 
542 547 541 537 518 512 539 570 513 512 587 554 514 508 532 514 589 572 546 573 556 589 545 524 580 504 555 561 583 588 523 577 578 568 585 555 572 550 557 510 
585 501 524 570 597 598 508 590 513 554 569 550 596 560 564 568 530 528 554 535 597 512 560 560 583 539 579 570 554 588 530 507 558 583 589 524 547 508 524 561 
527 539 549 562 583 569 549 555 525 561 560 518 566 554 583 594 518 515 584 525 571 505 510 532 598 504 506 545 581 513 531 572 572 533 598 553 529 577 592 546 
579 573 531 529 508 573 588 527 590 554 580 595 580 594 588 513 553 557 579 568 556 504 531 547 511 545 578 552 577 560 547 508 563 586 536 542 558 542 550 536 
505 516 521 586 545 566 548 533 507 592 554 536 523 591 534 595 579 587 550 567 548 512 591 517 563 578 506 594 520 556 576 535 518 570 587 537 584 550 521 537 
535 518 561 600 578 501 508 510 541 583 525 596 598 550 571 562 530 586 588 580 520 529 558 575 590 592 539 527 529 598 533 532 554 501 577 528 515 587 533 575 
541 566 525 526 572 512 558 546 535 509 599 563 560 501 527 549 539 573 569 577 575 589 566 593 575 574 574 504 583 528 554 568 560 585 528 536 555 568 504 592 
521 512 578 575 573 541 506 593 595 520 554 551 536 530 504 566 561 535 571 533 535 533 535 560 563 504 525 501 525 514 591 541 555 530 542 519 571 550 561 589 
548 558 513 561 594 560 591 567 576 554 591 541 583 544 509 521 557 512 573 596 508 582 586 563 586 566 532 573 503 560 559 573 508 537 555 572 556 556 580 591 
536 571 514 585 551 538 536 526 542 518 546 599 529 542 594 552 591 500 576 594 507 546 514 532 556 530 534 598 504 529 589 510 571 506 524 546 527 534 552 550 
565 561 593 591 567 501 510 536 533 591 533 518 561 519 548 508 592 540 502 515 552 534 556 580 567 557 571 543 518 589 526 581 572 508 584 564 508 512 575 573 
515 577 554 568 538 536 539 506 595 501 565 556 595 572 586 543 527 502 518 528 502 510 507 515 562 562 569 521 596 573 524 563 529 581 526 552 559 502 574 593 
573 582 531 518 565 590 510 526 523 510 594 592 582 549 585 564 540 560 531 578 588 531 546 541 511 512 537 571 546 569 504 500 517 592 565 566 582 585 535 552 
544 534 551 569 535 513 538 557 570 580 532 572 507 587 529 589 595 572 516 519 573 547 599 530 553 577 546 531 510 511 597 537 556 521 516 538 574 561 587 544 
528 543 577 559 594 595 522 535 565 553 598 584 525 598 596 556 595 533 515 520 507 577 518 596 552 514 541 527 591 511 550 598 555 513 559 519 563 569 580 555 
511 548 567 558 543 545 557 528 599 597 530 514 580 552 552 542 502 552 560 515 516 542 594 520 513 507 513 561 552 587 523 579 575 546 519 535 584 574 517 572 
518 562 518 574 538 570 546 597 514 577 538 535 570 598 590 540 531 592 573 522 579 590 586 591 513 540 505 513 572 538 544 598 550 572 532 541 543 530 587 587 
578 534 530 578 517 590 562 522 566 589 522 575 591 586 572 537 543 530 594 502 547 556 585 600 597 528 500 543 568 503 560 549 525 577 528 598 516 599 546 566 
552 581 547 529 521 556 509 523 596 524 516 523 525 522 525 559 514 591 580 596 543 531 595 534 580 571 518 509 576 578 538 511 554 509 590 532 539 555 598 520 
577 544 525 513 548 502 536 550 564 586 511 507 516 532 528 511 513 593 532 596 507 561 549 539 520 581 502 574 505 515 569 569 511 523 544 528 534 543 532 537 
569 502 569 577 599 502 548 566 592 538 501 513 577 558 559 578 537 570 598 594 524 550 532 580 597 519 526 545 536 573 522 586 567 500 521 505 527 522 550 512 
537 522 507 586 562 564 569 504 580 522 506 578 598 556 535 539 565 506 597 566 591 502 562 560 561 512 572 591 507 557 595 584 575 581 539 518 597 558 555 545 
570 558 525 565 577 517 510 511 525 585 520 523 573 532 510 528 576 545 525 538 573 560 553 549 589 582 545 594 535 511 521 585 522 573 575 550 518 507 533 539 
524 587 540 577 551 552 578 564 508 586 531 558 538 575 566 505 574 517 581 580 597 585 549 565 503 544 549 584 530 592 571 552 594 569 542 524 536 546 585 552 
581 503 541 572 549 542 593 586 592 514 572 526 523 536 558 587 581 531 571 583 534 535 542 565 510 527 500 598 537 596 511 590 597 548 563 512 540 598 569 565 
518 534 559 575 530 521 552 520 582 582 544 526 513 598 560 584 540 591 535 572 513 584 549 590 590 563 509 530 580 582 555 556 502 580 552 559 559 598 576 597 
537 532 507 559 566 548 595 507 502 534 564 565 529 593 559 584 582 580 556 595 535 536 591 519 515 592 589 507 534 528 568 524 544 510 584 503 560 553 523 531 
511 570 555 541 507 516 520 527 532 526 591 500 513 509 553 560 507 561 582 545 513 584 513 579 513 542 541 548 585 593 579 550 538 562 579 515 576 553 585 598 
591 524 571 564 523 562 500 539 557 522 574 502 538 545 594 520 524 551 537 565 505 560 513 561 559 520 565 555 533 516 531 506 556 600 573 532 524 566 532 567 
527 562 594 510 595 509 548 582 578 562 580 503 512 559 537 568 510 509 551 584 587 536 518 591 519 580 544 585 579 513 540 514 517 525 503 510 559 587 517 584 
551 508 574 598 581 515 585 584 543 550 540 586 521 560 534 526 527 501 562 537 512 511 563 512 515 508 556 555 553 515 501 532 545 528 578 568 520 573 562 533 
571 523 550 507 536 558 555 525 530 507 582 539 554 593 536 555 552 574 549 509 501 548 515 521 546 572 559 524 525 503 599 555 530 569 567 557 513 526 595 539 
535 556 591 587 503 518 547 502 555 545 573 555 575 572 535 537 573 506 539 570 533 503 504 506 527 595 501 517 559 587 560 568 560 522 563 517 574 571 590 586 
599 514 570 596 557 599 559 566 529 514 556 505 573 599 518 568 595 577 539 538 565 595 599 555 586 598 512 516 551 573 516 510 562 540 583 559 585 576 553 587 
563 500 512 526 524 555 567 544 544 563 594 548 556 540 561 596 512 500 541 521 542 579 586 553 578 560 510 597 509 587 510 585 512 592 527 535 562 569 512 565 
518 575 563 551 547 550 545 538 506 571 502 522 533 582 528 575 587 582 559 592 546 553 600 550 562 545 594 538 518 578 507 594 544 512 577 534 591 592 555 588 
560 578 542 566 537 515 584 518 591 599 598 559 528 539 522 577 500 545 531 549 529 566 550 528 589 556 555 566 541 577 551 509 542 525 561 562 552 560 571 509 
509 581 511 550 560 554 562 575 564 511 532 595 592 559 536 599 507 573 558 506 592 565 504 529 549 548 563 579 512 543 526 562 523 588 548 555 571 557 540 567 
597 598 525 517 515 535 510 582 501 514 541 501 543 564 549 542 560 522 510 556 539 542 564 587 541 567 582 507 567 558 567 594 503 500 519 574 573 525 519 594 
569 522 506 595 547 536 538 511 590 563 575 599 598 590 530 584 540 557 560 582 585 522 599 515 597 557 563 546 558 512 570 597 559 534 557 526 563 501 590 570 
545 531 594 587 549 576 552 555 528 593 554 508 545 573 586 516 561 550 595 537 537 543 576 506 524 583 550 533 511 536 551 530 568 533 521 575 501 549 595 600 
591 507 518 562 505 593 528 508 593 513 598 579 500 522 514 585 572 501 550 559 524 582 540 579 502 528 581 597 565 523 511 526 548 532 540 575 512 531 528 534 
564 531 550 534 515 520 579 556 522 524 580 550 501 545 506 588 535 528 519 569 504 578 598 545 506 507 593 539 556 504 545 567 569 543 580 597 582 578 531 600 
556 594 577 566 561 501 581 512 556 501 561 593 592 563 545 582 510 578 590 503 522 596 547 518 582 547 520 501 585 505 555 559 571 561 545 575 597 598 532 593 
511 576 558 556 563 600 595 573 598 502 539 584 548 568 563 540 506 503 557 518 546 585 512 540 535 590 506 564 525 557 513 566 552 545 546 541 565 587 588 572 
555 548 591 562 569 556 537 523 529 536 589 563 578 583 587 521 537 557 555 537 543 581 523 559 591 565 598 522 513 501 522 554 562 504 598 590 581 577 582 507 
577 537 575 596 536 539 552 548 541 560 513 520 578 551 552 596 553 563 574 571 543 503 502 514 556 578 562 595 586 528 532 580 566 570 590 528 575 581 510 543 
541 518 579 564 546 533 541 503 533 539 575 563 563 536 594 577 576 599 594 578 546 596 597 581 554 570 577 522 597 523 552 506 512 574 586 548 597 584 529 510 
544 568 501 574 511 534 578 593 520 526 560 521 541 556 511 504 596 553 502 595 508 567 511 518 563 598 549 583 577 547 513 551 570 503 597 589 600 521 503 549 
597 543 540 588 518 573 592 502 599 512 505 524 572 512 515 543 593 595 524 513 572 562 595 573 526 581 510 502 579 517 537 564 583 571 576 531 544 510 592 588 
569 526 553 547 560 548 536 532 539 599 555 521 569 565 536 533 503 521 543 521 583 539 523 596 568 564 531 589 563 529 546 542 571 557 597 567 508 570 549 528 
536 585 534 529 505 593 513 505 524 531 505 570 585 505 528 547 516 515 536 594 543 591 534 508 578 560 519 554 566 570 581 565 563 566 548 504 521 584 569 584 
500 513 566 592 551 538 504 561 512 559 549 572 535 564 526 503 524 581 590 551 553 551 566 575 502 600 535 559 514 586 566 583 580 559 512 554 591 566 530 533 
521 578 502 549 522 524 539 518 560 562 521 574 510 521 597 589 586 591 538 557 592 553 540 544 503 560 592 548 516 529 576 505 535 599 560 552 576 557 591 520 
505 544 519 517 553 500 581 541 556 594 556 515 527 554 552 537 555 510 580 593 587 581 550 579 532 503 570 513 506 563 551 555 599 571 533 552 527 526 590 570 
514 515 598 505 507 573 544 562 520 502 520 544 568 591 550 508 524 525 517 570 516 561 594 555 557 592 515 538 557 551 515 525 574 516 536 560 589 513 587 555 
533 540 583 587 585 548 524 511 515 556 574 575 556 589 554 536 522 563 570 518 504 552 519 566 514 520 559 573 553 599 540 588 532 536 520 548 572 564 514 567 
549 548 557 591 574 510 577 503 517 553 509 526 516 529 591 569 535 512 524 504 555 580 500 578 513 515 515 596 527 579 518 524 569 520 579 599 573 511 574 556 
500 544 502 590 579 507 597 529 507 540 512 582 581 535 556 582 585 518 537 542 568 558 535 598 563 553 502 502 559 513 575 589 516 537 529 531 578 546 536 560 
528 523 579 508 596 573 541 506 518 507 594 546 579 501 526 579 523 502 590 524 597 565 579 594 551 554 540 573 540 536 592 503 572 551 509 557 505 540 585 506 
600 564 586 517 572 543 559 534 598 593 561 518 564 557 512 567 582 541 500 539 596 507 584 526 548 588 571 582 596 517 573 591 588 599 560 521 533 557 571 507 
542 530 543 563 504 515 577 508 535 570 548 559 527 527 524 527 546 576 564 518 502 526 588 528 563 548 559 577 579 557 513 527 572 595 526 574 575 508 507 525 
535 544 545 571 521 507 569 538 598 540 580 584 551 534 577 543 582 581 577 568 507 503 507 506 519 553 513 502 510 551 519 537 559 599 534 525 528 505 570 531 
523 586 549 587 515 556 591 525 532 501 516 538 555 502 599 546 583 555 576 534 564 507 568 578 591 509 586 587 507 528 531 513 586 510 597 524 571 554 550 528 
582 552 531 598 545 512 514 541 582 540 507 502 570 592 598 600 573 584 556 538 585 537 558 538 551 596 596 585 547 546 588 575 536 517 593 527 545 544 503 580 
510 541 574 583 591 575 596 574 560 582 540 582 508 546 514 507 531 524 521 558 579 504 508 564 586 522 531 580 516 570 503 548 589 583 569 500 575 583 547 596 
571 501 520 548 591 529 572 567 541 569 599 531 565 563 537 565 569 543 597 584 570 517 586 534 518 593 569 531 506 507 583 590 546 593 525 591 577 523 566 522 
555 505 565 594 513 518 578 528 515 505 508 547 517 579 513 529 532 595 579 505 558 599 540 507 595 559 578 596 587 528 549 527 555 512 511 544 501 530 565 585 
500 589 509 559 524 516 589 533 551 521 595 513 547 579 511 534 551 556 555 582 572 513 539 501 589 573 547 588 524 530 510 552 505 529 517 594 568 556 513 554 
534 508 550 502 586 539 595 593 527 501 531 505 567 519 580 522 517 581 546 544 549 519 564 533 564 522 582 516 582 503 534 517 534 507 571 588 539 543 556 546 
566 569 541 562 547 560 589 533 571 541 501 546 573 576 565 522 517 527 534 578 517 534 501 562 550 578 532 549 569 532 570 597 597 504 527 590 576 529 511 546 
505 575 578 548 568 556 594 510 567 569 542 529 589 506 519 548 579 503 503 539 596 528 584 595 583 514 594 574 562 598 575 546 547 522 567 523 540 596 524 582 
528 542 560 516 537 558 502 559 569 581 509 580 551 534 565 539 579 579 562 548 509 524 541 591 556 543 540 572 578 519 580 525 584 513 587 585 570 515 523 504 
574 534 579 574 522 540 553 580 583 554 521 599 574 550 561 515 569 523 598 523 513 532 584 529 536 525 517 588 527 590 572 520 509 513 501 501 516 527 519 523 
590 571 581 567 513 509 523 537 562 576 528 534 564 538 514 591 561 599 590 583 525 588 504 580 595 596 575 524 507 565 512 532 545 540 528 553 541 529 515 556 
596 547 555 599 597 529 556 517 559 537 550 537 513 507 595 588 522 593 565 594 589 522 517 531 595 557 575 519 583 532 566 560 575 514 595 549 574 596 555 527 
511 528 594 531 528 545 597 591 596 553 552 547 531 564 503 512 542 503 516 591 525 539 508 528 595 594 510 556 509 531 571 556 532 547 528 565 545 500 586 574 
593 561 589 514 530 557 581 529 599 549 582 563 570 577 529 530 501 543 557 533 520 529 528 558 520 561 517 554 532 574 519 569 515 545 554 522 562 575 557 512 
540 559 588 502 587 574 518 533 539 561 546 543 580 590 574 510 513 531 541 538 501 577 586 556 538 578 501 593 538 597 579 560 556 592 592 547 570 571 528 506 
506 595 589 599 575 525 525 514 541 517 547 584 563 527 564 565 570 580 513 554 556 516 598 553 503 508 542 515 587 517 523 518 509 540 556 565 553 557 527 600 
578 578 503 584 581 557 567 581 504 524 560 534 552 536 516 549 562 566 537 503 534 578 533 545 512 547 526 562 579 524 503 530 597 576 548 567 524 518 505 547 
565 538 545 572 557 580 542 590 586 534 574 593 589 540 507 570 593 519 543 570 586 585 510 502 523 581 550 592 516 578 530 565 572 504 563 517 547 593 542 502 
558 584 502 552 563 506 567 592 597 522 565 534 532 519 588 549 582 573 555 560 595 530 594 501 584 569 551 531 599 540 596 504 540 503 577 538 556 507 559 522 
587 583 520 560 550 531 518 547 563 544 542 512 560 591 503 590 555 542 542 594 539 516 547 505 530 591 516 501 508 500 508 590 598 592 560 527 501 554 571 516 
559 503 575 533 530 509 565 533 591 598 518 507 502 544 557 510 512 566 545 587 552 572 570 548 592 512 511 584 528 553 563 523 533 579 560 557 592 563 546 507 
597 583 563 593 580 580 561 524 510 568 557 543 571 545 586 572 508 573 528 555 512 528 508 584 560 523 590 567 559 566 525 565 535 516 517 503 578 517 517 553 
542 559 566 516 544 577 535 566 517 584 549 541 518 515 572 572 589 509 508 502 519 573 546 537 574 593 528 516 563 588 560 507 572 529 553 559 506 567 587 565 
577 528 546 526 557 591 525 512 588 543 553 555 591 578 566 537 547 589 506 545 522 565 556 507 565 599 527 535 597 555 556 537 580 571 579 578 531 578 592 592 
504 562 516 583 574 519 518 565 597 562 575 539 515 570 556 582 536 522 575 516 516 531 551 588 513 565 550 553 592 544 511 563 512 536 590 502 506 585 556 509 
538 553 528 585 523 569 547 578 510 588 514 593 577 530 535 565 503 544 555 594 592 509 583 539 572 576 531 597 513 512 510 548 505 597 576 512 507 583 506 557 
567 527 546 569 558 542 571 555 580 538 537 543 535 544 525 505 576 532 501 523 563 593 542 557 504 516 509 596 555 586 554 502 502 512 510 575 554 514 580 596 
518 568 541 535 536 577 524 520 508 600 528 506 521 577 595 509 572 529 539 560 544 512 508 520 574 560 535 559 536 547 594 572 600 551 564 507 568 597 589 514 
590 521 556 548 598 574 551 576 521 554 562 579 582 554 535 546 561 539 595 503 596 509 504 521 562 504 512 597 517 554 508 500 544 588 501 531 507 556 577 538 
502 510 506 582 571 570 502 542 511 569 559 514 508 531 521 538 552 549 549 552 536 563 595 570 535 549 501 517 519 563 588 580 548 519 586 557 554 585 535 506 
599 524 547 535 573 510 523 574 580 511 554 526 597 511 547 502 533 506 570 555 508 504 589 597 534 511 557 551 572 596 567 572 576 537 582 547 580 517 509 544 
572 526 570 586 547 555 597 559 560 523 552 582 512 561 537 599 526 530 565 578 512 572 593 512 524 502 543 569 555 598 555 529 524 542 561 516 555 527 568 599 
548 527 575 524 583 592 591 512 537 528 504 516 568 558 525 542 511 579 517 562 513 573 565 577 554 523 564 517 573 537 521 572 586 509 501 506 540 534 563 582 
578 579 566 514 585 581 541 521 541 594 556 534 513 546 525 507 554 549 540 511 582 578 515 525 580 532 580 545 522 506 574 579 512 575 596 597 519 550 541 561 
506 546 525 545 514 503 555 514 547 524 530 549 550 527 555 506 502 529 508 565 541 513 507 597 509 531 544 563 588 559 500 523 545 505 558 502 521 517 562 570 
535 577 506 505 583 547 548 567 543 512 573 588 536 547 558 561 594 588 518 592 525 594 520 523 592 520 512 572 545 552 594 527 558 563 525 589 577 593 555 564 
567 567 511 546 527 593 592 528 506 518 538 545 528 530 584 536 530 521 518 578 551 563 596 523 542 569 584 541 574 515 544 567 566 566 561 582 565 530 592 591 
548 525 588 570 521 540 508 599 546 519 535 506 516 504 555 581 554 517 570 541 514 559 544 554 510 563 517 550 589 535 517 580 539 547 572 505 598 594 597 512 
581 514 504 505 577 527 563 515 555 565 513 509 588 570 598 523 501 503 579 521 574 586 553 569 571 564 562 578 583 565 594 542 589 594 598 594 589 586 563 532 
554 511 542 510 589 598 512 589 529 518 508 586 591 565 563 574 559 595 556 513 579 530 536 530 581 539 580 562 575 542 505 537 561 599 537 553 569 599 517 590 
519 539 579 559 554 561 547 561 595 505 528 533 524 574 507 586 588 528 551 573 578 562 597 532 538 516 581 599 589 537 514 589 592 590 536 579 576 573 588 548 
501 508 584 563 542 593 589 502 506 536 508 567 520 528 564 523 555 503 514 561 575 592 530 577 510 599 541 513 521 514 509 505 582 569 513 530 597 597 518 545 
554 541 594 565 547 536 591 523 542 549 587 510 567 557 572 578 537 596 529 561 560 514 528 561 579 507 538 573 546 515 535 570 525 526 550 571 588 500 588 553 
540 503 512 575 577 544 579 549 584 517 564 560 518 522 506 505 525 598 575 537 592 595 541 514 541 584 573 578 509 554 532 544 559 572 519 547 538 588 576 587 
571 511 586 581 536 510 502 588 593 581 582 585 537 509 546 506 505 517 563 567 559 559 529 545 525 525 506 583 560 549 524 528 571 537 572 541 514 575 529 532 
552 556 512 596 537 555 528 566 551 542 582 510 530 501 562 523 539 596 597 509 582 514 579 552 570 572 580 597 573 544 504 523 521 592 567 567 551 561 583 513 
504 597 503 579 509 597 544 565 525 588 586 524 523 505 540 588 519 510 510 557 502 577 502 526 520 527 553 523 600 589 577 560 528 536 565 543 528 600 575 583 
589 575 501 599 540 574 504 514 582 570 554 578 516 569 509 578 526 572 529 510 512 537 500 524 579 540 524 573 519 597 592 518 565 507 549 586 576 513 520 562 
597 595 547 572 504 550 576 597 522 516 564 509 586 541 523 529 560 517 510 546 569 516 522 541 574 511 572 516 518 555 539 520 522 558 526 506 586 597 571 582 
553 526 589 529 533 581 544 505 577 504 577 548 569 530 537 555 574 595 502 506 546 575 572 537 594 562 575 511 564 529 532 519 579 552 548 519 538 580 547 592 
583 572 556 576 571 555 506 504 515 552 511 559 586 599 539 524 577 546 587 576 578 511 521 583 528 529 554 564 512 511 551 548 542 529 511 542 539 559 547 569 
591 562 565 570 569 598 523 557 518 588 508 562 556 563 579 539 548 581 540 593 541 500 567 546 575 522 588 576 503 560 584 576 591 593 579 528 576 500 525 582 
501 505 599 594 567 555 573 547 560 526 515 579 540 527 549 581 514 541 573 529 512 535 594 596 559 510 566 515 598 588 514 519 596 559 583 573 576 517 555 567 
514 574 512 545 513 528 547 569 558 521 540 577 586 517 567 551 539 573 596 519 583 505 584 560 519 561 600 575 599 539 515 559 539 535 549 563 594 503 559 557 
524 548 508 521 571 501 554 515 532 541 544 526 597 556 504 578 577 571 559 555 550 573 529 586 597 520 572 562 513 514 588 520 501 557 592 595 590 548 522 518 
550 578 545 530 568 513 571 526 526 502 596 550 599 538 518 519 538 545 518 527 540 591 591 565 501 540 558 565 599 588 506 549 567 552 547 536 545 515 567 543 
526 526 520 582 525 524 597 542 549 532 562 507 540 536 536 537 516 550 573 534 537 520 567 558 575 542 567 559 552 575 507 555 587 573 570 560 567 592 530 549 
512 515 571 511 531 523 550 519 567 596 563 545 582 518 536 561 532 537 537 531 535 579 596 579 530 538 569 587 578 580 584 553 553 542 559 517 529 502 577 540 
560 555 560 585 600 535 576 544 521 543 564 501 521 594 579 527 535 579 575 558 579 506 579 587 599 577 539 574 510 505 529 569 539 573 561 584 504 503 530 562 
599 584 581 542 570 566 598 508 596 526 535 567 511 567 545 504 526 505 576 503 555 545 538 529 536 563 577 524 502 538 576 545 552 507 598 550 525 527 540 529 
574 581 539 508 587 549 572 588 517 533 540 502 508 522 514 593 528 515 588 539 552 544 580 502 548 580 560 552 570 596 597 505 550 521 569 579 549 524 564 548 
513 595 561 550 528 526 590 587 589 594 596 517 517 514 549 521 590 503 593 503 577 583 512 553 577 502 560 587 518 556 594 527 568 556 578 506 544 538 583 597 
541 548 577 506 513 533 583 575 568 506 564 593 566 592 535 502 536 561 545 545 548 506 553 504 597 510 597 518 502 534 542 572 510 506 536 514 570 585 531 525 
514 551 530 552 553 523 579 595 587 522 512 583 577 528 509 597 535 590 542 520 525 590 505 523 578 584 560 516 576 552 539 520 554 540 593 547 504 577 569 588 
520 594 558 545 584 582 554 563 588 567 504 540 564 585 547 529 535 588 566 553 538 518 510 504 559 513 553 591 592 559 597 558 515 579 539 596 542 529 561 507 
585 552 504 502 548 598 540 540 535 516 564 539 530 572 551 517 505 556 559 543 543 580 573 504 587 574 527 523 565 537 537 581 532 504 535 526 542 521 599 579 
545 564 501 559 548 514 531 598 519 600 565 512 597 559 583 550 545 572 560 539 568 587 573 587 564 528 524 536 597 555 540 547 502 523 518 579 564 554 528 589 
533 525 582 561 554 530 538 550 541 566 595 585 519 571 502 583 503 582 579 558 503 516 532 525 563 590 503 543 577 519 590 538 542 566 530 508 534 541 526 586 
527 556 564 534 588 599 547 583 504 576 546 528 544 535 550 576 563 565 545 579 569 551 581 503 552 513 593 530 523 559 570 579 506 544 525 597 504 598 578 563 
511 582 560 592 551 565 525 551 560 558 584 503 555 516 539 552 536 515 571 568 533 575 577 585 584 546 515 519 508 522 562 560 514 527 600 511 552 585 503 589 
598 588 567 518 538 502 527 570 586 583 533 528 549 502 593 502 525 589 505 589 503 548 521 581 597 506 539 561 529 597 594 522 550 592 501 524 561 528 585 558 
566 595 572 585 587 585 556 571 505 517 550 540 511 582 579 500 591 579 500 540 568 534 526 577 581 522 505 513 561 540 585 541 566 594 555 584 544 596 548 583 
562 592 545 551 523 564 520 567 532 578 509 569 517 563 599 581 592 551 562 579 524 520 585 567 553 600 578 547 552 546 549 576 552 600 576 555 555 568 536 505 
510 506 546 596 532 586 538 563 580 578 575 516 534 586 579 513 528 502 520 573 533 581 590 543 500 552 577 537 599 507 588 518 523 544 501 597 536 544 543 555 
588 527 520 526 528 595 554 585 575 570 593 544 549 587 507 535 555 587 577 538 577 535 551 592 530 550 524 582 569 522 547 600 559 553 595 517 550 550 538 525 
517 556 500 523 556 597 592 560 541 576 557 560 592 550 572 599 505 568 581 598 543 549 567 549 587 545 577 510 503 598 559 510 568 594 583 564 560 589 550 590 
513 526 505 569 585 501 521 600 590 525 504 529 594 503 556 571 575 527 575 541 504 534 593 559 586 506 578 509 565 590 545 564 507 582 564 597 586 583 544 545 
548 538 549 502 534 514 556 550 582 565 583 564 534 510 521 532 525 504 571 594 531 584 562 588 596 528 589 545 567 550 520 582 515 516 542 589 509 565 555 592 
581 564 529 553 593 530 580 539 592 594 547 555 525 507 554 543 540 594 599 586 595 510 508 556 554 562 540 510 546 500 536 525 510 579 535 508 554 556 517 537 
595 578 545 523 574 558 597 583 543 558 528 570 586 532 504 512 508 580 579 539 507 522 531 507 524 511 564 553 513 516 540 535 502 560 509 536 516 596 542 541 
502 547 584 527 556 549 594 502 554 571 527 501 549 599 574 522 552 515 577 546 548 500 575 501 586 544 548 536 560 549 571 532 563 543 595 565 578 561 506 582 
556 544 540 582 567 566 557 590 546 600 586 577 563 566 516 558 588 542 578 575 531 510 547 556 573 583 567 581 532 536 563 521 516 514 515 526 556 529 579 568 
536 533 504 572 551 544 579 594 562 572 587 519 527 547 570 500 534 567 535 558 559 515 539 500 529 508 539 543 558 566 501 550 583 544 501 599 541 539 556 561 
532 570 577 546 574 502 526 543 554 554 516 572 514 518 506 518 537 564 546 510 517 535 500 573 532 527 555 566 551 533 567 580 544 581 527 556 574 595 544 556 
503 573 566 593 519 540 594 594 578 541 570 574 534 569 522 520 566 543 509 530 546 587 513 542 519 573 540 570 565 529 549 510 565 520 525 586 516 560 540 568 
546 514 597 554 520 589 531 525 556 525 519 594 585 548 530 515 510 534 596 533 566 589 513 575 589 563 579 521 522 542 543 508 536 585 517 548 543 599 569 570 
520 579 511 516 579 550 542 543 546 577 510 519 537 550 507 525 546 548 507 570 580 540 514 511 505 579 580 532 591 592 504 595 569 589 532 509 541 514 514 549 
596 542 580 533 529 576 559 538 579 598 538 510 512 597 534 507 518 552 546 565 516 556 584 597 566 517 504 543 542 558 504 545 513 501 543 514 536 526 504 506 
557 518 501 532 573 553 504 559 508 593 542 592 595 572 593 533 576 513 578 551 559 594 517 525 594 561 526 539 552 556 535 532 530 597 579 537 505 544 597 571 
523 525 511 548 576 521 501 528 519 508 584 531 536 533 561 576 529 564 502 525 521 522 561 532 577 514 566 543 589 507 515 589 582 513 567 559 536 584 516 571 
526 526 587 547 529 590 595 577 555 594 540 533 591 582 556 546 567 538 512 590 596 584 539 501 529 561 549 546 532 549 543 523 588 584 542 537 565 585 584 505 
510 578 562 571 565 503 516 534 504 532 585 537 545 525 583 546 584 518 572 529 556 510 530 519 514 592 541 511 592 546 553 536 586 589 591 596 560 560 508 581 
587 557 518 571 553 589 547 514 599 583 582 529 583 574 527 571 578 562 571 557 533 514 542 546 580 552 508 520 554 539 525 600 558 575 565 507 587 547 570 546 
506 506 510 574 534 561 534 570 578 507 565 544 539 545 555 521 550 542 505 510 542 545 540 537 557 550 552 593 522 590 585 545 576 591 520 595 516 507 560 592 
587 544 558 522 544 511 513 554 567 593 536 592 588 500 558 572 575 555 533 510 587 526 570 570 569 599 569 539 589 573 570 597 503 599 535 532 515 509 514 549 
568 595 571 555 579 549 569 524 510 572 541 579 524 587 500 548 587 552 555 564 506 538 542 536 508 512 589 500 505 557 577 527 509 502 550 553 579 561 502 551 
514 594 542 563 539 530 504 569 528 536 574 546 577 512 519 553 516 534 573 549 511 501 501 527 519 533 536 510 579 534 578 555 553 533 586 568 555 542 515 595 
540 505 568 581 516 532 562 585 529 536 550 597 522 520 517 508 551 576 567 520 554 597 562 589 553 520 564 547 567 543 524 561 570 582 583 589 595 569 505 571 
590 509 549 558 573 525 540 556 539 591 510 554 512 514 517 551 559 507 559 507 590 585 532 577 524 562 520 516 599 532 504 550 534 567 520 553 502 563 522 582 
545 512 513 560 552 587 558 597 587 573 598 504 519 563 507 532 514 519 590 537 576 566 594 567 543 554 583 505 597 523 507 530 519 549 560 566 512 558 504 537 
573 523 507 555 576 509 533 600 514 504 563 561 594 560 541 574 599 541 581 548 553 535 584 577 548 597 523 586 526 512 528 541 533 598 562 537 569 503 564 537 
511 553 525 533 591 549 593 535 537 534 539 526 528 577 535 537 510 533 516 522 576 583 519 543 509 570 546 586 539 572 579 590 563 585 530 536 530 514 537 528 
597 576 509 597 586 576 598 564 527 521 545 565 543 555 525 541 528 552 599 510 518 592 532 598 544 511 553 595 551 592 549 550 578 548 530 540 563 510 509 556 
518 515 566 500 565 564 513 505 551 596 570 583 579 597 509 593 507 530 542 581 525 570 549 517 593 575 579 553 511 516 565 557 554 564 535 510 583 502 519 574 
528 599 574 552 591 573 578 506 529 539 573 514 505 598 553 570 518 527 520 558 552 586 569 560 508 513 560 576 502 523 502 566 551 506 542 541 571 572 543 569 
567 532 503 564 583 582 526 575 549 525 564 505 537 575 588 513 509 506 560 584 538 542 597 573 507 511 575 552 540 505 597 519 512 506 521 557 540 596 536 530 
553 539 516 574 592 505 507 517 600 591 508 525 575 539 568 572 532 565 597 568 570 551 577 500 542 560 503 576 599 579 506 566 521 596 534 578 577 564 577 533 
581 522 597 600 516 565 561 525 562 572 511 559 543 559 514 565 574 502 567 565 581 543 570 548 523 581 576 569 535 511 572 584 572 562 580 522 535 541 559 578 
587 598 547 583 502 551 588 583 516 551 519 532 555 571 522 584 559 542 558 536 545 581 542 560 562 584 534 519 535 564 532 572 506 570 518 587 504 524 582 538 
525 539 516 552 593 524 571 522 514 588 504 512 579 586 565 516 560 581 505 540 596 510 592 541 577 585 573 516 572 555 533 535 555 515 511 571 521 543 595 556 
508 600 501 578 553 518 501 580 554 559 568 554 530 535 545 515 574 506 550 511 551 503 585 501 511 548 511 507 577 550 594 529 555 526 552 560 577 553 543 556 
557 551 575 554 536 581 547 526 535 569 529 512 560 512 545 589 505 531 525 557 557 557 541 538 508 592 528 540 515 553 572 524 566 511 508 564 548 577 553 508 
520 587 587 565 542 515 534 584 506 582 526 594 574 562 536 530 521 596 522 553 532 573 513 544 512 523 539 537 594 541 574 503 561 549 545 524 521 535 539 600 
596 551 593 578 509 555 563 516 594 522 500 595 549 557 581 563 514 600 573 560 547 588 526 560 517 529 529 550 555 591 569 587 519 517 574 552 564 524 537 563 
531 533 560 522 597 549 540 512 532 591 508 559 576 529 587 546 526 583 519 519 588 500 507 536 539 598 531 547 514 555 560 508 593 579 576 555 569 590 555 514 
520 581 589 600 502 574 548 538 559 557 502 523 500 580 562 577 590 548 500 590 563 533 576 549 549 503 562 582 575 523 542 584 580 597 555 592 549 536 567 536 
572 588 526 575 567 552 521 587 529 565 541 501 595 551 521 561 530 536 514 565 593 599 526 534 514 507 597 593 599 538 522 562 559 506 553 507 509 544 509 589 
592 592 588 598 527 509 576 588 583 509 572 537 523 577 591 577 578 529 509 507 544 508 563 561 507 540 512 582 543 597 532 559 542 519 510 500 565 517 524 555 
523 548 568 509 539 527 531 527 533 528 545 596 538 589 567 509 549 519 551 586 540 561 539 526 528 587 554 534 551 501 599 562 587 586 581 574 546 533 510 503 
503 522 564 575 555 539 589 512 513 574 594 542 574 508 570 577 535 594 510 531 524 503 542 597 585 556 590 508 526 501 509 536 522 586 592 518 534 537 517 511 
580 545 589 505 578 524 509 559 536 593 551 534 567 586 552 532 557 503 527 572 500 554 581 566 591 555 570 564 540 580 525 586 537 581 565 569 596 522 542 584 
548 599 599 502 563 537 539 528 522 582 531 519 574 541 505 550 531 524 509 514 513 594 525 556 526 545 583 571 535 540 504 528 583 591 567 508 546 568 579 541 
536 563 598 593 594 540 538 562 535 555 540 542 521 532 520 587 500 515 589 589 520 544 537 540 504 513 520 548 558 523 568 518 538 534 539 536 503 557 567 599 
520 578 574 590 515 577 558 588 577 589 569 552 547 532 540 540 572 581 524 540 597 578 570 511 511 502 528 587 587 534 566 582 583 594 547 578 582 548 586 523 
590 586 502 538 533 538 522 525 507 584 501 528 576 545 575 568 529 502 560 590 535 548 546 558 553 581 578 502 595 502 501 506 544 552 511 580 575 536 559 571 
535 587 581 586 569 576 552 546 514 591 599 591 587 518 509 508 543 592 523 539 570 535 504 508 565 562 515 566 598 539 542 536 544 534 555 523 570 563 599 508 
586 561 537 548 592 503 599 544 504 564 522 553 518 589 555 563 558 522 590 547 509 507 535 564 536 552 531 580 546 546 599 530 520 533 541 529 556 513 561 517 
578 514 560 592 597 552 522 564 554 572 511 535 553 544 522 587 583 555 582 541 585 513 569 501 595 568 511 517 598 502 587 517 551 551 515 597 566 561 538 571 
568 592 513 508 562 509 569 530 574 544 503 529 554 504 520 528 550 566 532 511 504 581 573 578 508 571 513 502 538 509 553 514 553 502 543 516 513 514 566 512 
575 511 564 513 550 512 505 539 537 567 523 535 577 513 572 580 583 564 579 538 533 543 585 594 546 567 510 579 575 527 592 549 578 547 561 512 554 590 572 585 
571 560 596 535 594 523 548 553 513 519 594 535 531 571 576 589 530 598 541 594 569 578 557 561 554 537 571 595 585 551 519 544 586 582 508 583 554 596 524 579 
593 522 545 527 525 563 544 555 580 558 532 537 514 557 563 570 508 569 504 586 550 572 548 526 591 522 508 584 538 582 543 598 527 564 578 554 576 554 538 527 
522 563 504 566 586 526 556 505 533 537 558 567 599 600 515 572 514 523 501 575 555 600 514 505 583 539 553 566 564 549 585 529 580 586 554 523 569 512 573 507 
559 540 567 580 579 548 586 559 565 589 589 530 501 539 570 560 543 554 598 525 540 526 551 570 535 560 508 540 508 517 503 530 511 589 563 533 587 506 589 504 
584 582 534 563 507 563 519 589 560 525 556 507 583 535 590 550 574 581 574 539 560 518 537 544 557 509 520 599 520 540 565 569 594 533 506 530 596 514 596 583 
509 586 548 509 549 508 596 564 545 510 597 536 552 572 520 541 566 542 512 521 534 595 526 558 555 537 538 535 537 515 518 507 541 587 516 549 529 555 560 504 
511 580 510 547 529 517 504 535 559 549 567 519 590 599 504 525 520 561 577 529 591 571 539 599 533 501 583 570 596 573 518 563 598 594 591 586 512 578 504 563 
561 514 516 585 513 567 505 576 582 547 540 516 574 574 597 577 547 527 504 543 564 546 511 537 558 531 508 573 546 567 548 597 555 550 549 594 542 504 564 573 
532 512 565 558 502 509 573 537 578 589 518 569 536 548 530 527 510 549 581 534 558 588 533 537 538 597 569 502 585 504 596 536 511 556 566 570 548 550 542 561 
509 545 503 586 561 547 576 546 503 589 531 505 507 539 576 520 568 527 541 551 571 560 549 544 564 560 583 535 595 570 525 518 565 584 527 568 586 510 510 519 
565 574 533 535 536 518 565 522 523 551 552 573 501 561 559 544 588 592 539 596 588 540 546 565 563 535 505 528 508 502 506 587 555 518 569 591 531 521 519 560 
551 515 555 591 506 500 503 546 592 511 590 566 589 535 579 554 571 566 546 525 529 591 504 509 518 525 583 557 568 549 534 596 524 510 530 524 598 574 549 536 
548 567 580 528 527 534 505 535 554 590 513 565 506 553 566 569 538 592 532 541 568 513 541 541 591 570 535 589 520 587 512 569 541 507 594 542 554 526 568 554 
532 563 571 503 509 573 524 573 592 515 541 578 551 530 556 555 532 578 556 505 503 554 507 580 525 576 509 541 596 511 520 562 532 596 541 546 569 548 539 558 
501 591 555 529 589 533 535 554 507 569 564 596 519 506 503 583 576 521 550 541 508 504 583 516 540 548 556 558 535 592 549 592 583 520 591 590 558 571 525 512 
517 531 566 592 531 590 572 574 545 596 541 543 528 538 595 581 556 537 512 565 525 537 524 576 509 507 594 589 593 512 520 561 550 510 558 535 550 575 546 538 
510 563 561 531 525 569 567 534 544 540 519 551 579 537 522 552 553 570 587 595 539 549 512 599 535 514 581 581 585 550 569 548 530 592 592 581 557 575 537 569 
591 594 558 568 514 571 537 500 548 538 528 517 505 597 546 590 501 513 569 504 598 535 550 567 598 572 577 561 524 562 518 594 551 504 534 537 576 547 556 546 
536 557 559 509 518 505 571 567 522 546 508 597 556 578 517 559 595 509 572 537 518 569 559 544 509 542 525 550 592 504 510 562 523 591 560 571 576 550 593 537 
576 520 583 577 586 558 568 582 542 526 598 573 579 565 589 575 525 553 539 575 524 515 529 571 533 530 506 557 598 547 531 583 596 515 539 587 526 595 526 598 
552 576 593 533 547 560 577 572 591 554 566 556 525 593 592 550 560 584 515 571 581 547 568 566 522 591 524 501 577 542 593 574 587 534 569 590 514 599 583 549 
585 544 531 521 586 588 585 531 519 597 504 577 554 545 503 533 557 582 552 523 562 600 599 585 506 507 562 525 579 574 511 557 522 599 546 579 595 597 548 507 
503 542 541 598 525 579 508 511 518 510 548 597 570 511 560 517 524 537 585 528 502 523 562 581 510 581 566 529 587 563 535 535 534 526 598 521 540 536 576 521 
589 578 509 501 520 570 528 571 558 500 583 506 553 532 586 549 598 540 539 561 597 578 560 534 516 597 507 597 534 553 578 572 575 581 549 560 504 519 546 565 
587 513 587 584 569 540 538 530 534 515 562 556 516 589 556 596 590 542 508 549 584 522 516 570 556 505 559 541 547 559 599 537 501 536 561 507 506 541 529 541 
518 539 531 595 539 600 526 584 584 593 507 571 562 591 574 517 538 531 555 562 556 545 568 551 555 572 564 545 592 589 579 547 551 542 596 556 523 571 593 535 
568 529 526 535 590 568 572 519 506 537 534 588 576 598 586 596 524 578 596 595 578 598 573 567 591 553 515 521 541 528 560 568 509 580 557 589 591 527 519 584 
580 505 528 545 541 598 587 592 554 558 555 584 597 551 508 576 508 505 506 581 526 562 556 579 520 530 516 565 540 506 568 528 567 519 553 511 528 596 559 590 
513 575 587 574 509 593 554 506 533 536 598 532 538 533 594 551 516 520 595 579 525 515 566 577 511 572 568 529 512 513 502 581 551 549 543 562 562 546 600 554 
513 593 590 585 503 571 522 556 566 548 517 536 590 533 510 572 551 567 520 504 515 541 576 593 545 560 529 586 539 504 512 580 565 536 596 566 578 584 576 556 
546 579 584 532 596 519 597 569 569 521 508 507 562 551 557 596 560 555 562 525 516 536 584 513 528 541 506 520 597 557 534 506 595 541 538 558 571 508 581 546 
550 568 524 583 534 594 588 507 594 548 518 507 511 597 591 554 517 600 533 513 524 557 569 559 563 535 507 501 562 520 523 501 528 562 517 546 521 503 535 592 
539 523 592 507 540 521 544 576 575 529 572 537 512 534 502 569 568 531 563 551 592 559 545 562 542 580 539 591 573 598 537 568 527 538 546 553 567 531 540 534 
526 569 547 512 549 527 555 592 549 575 571 599 507 516 584 583 590 526 600 588 557 587 562 507 590 530 562 528 563 541 518 560 531 586 569 588 517 565 504 593 
515 593 547 547 536 576 543 551 582 534 523 594 507 571 557 539 507 514 500 575 551 555 511 572 536 581 584 551 542 572 531 545 504 592 506 504 540 517 547 590 
592 568 596 549 579 547 504 558 561 589 547 596 566 576 598 574 530 586 533 522 546 569 581 533 533 565 519 593 564 515 595 562 511 529 523 582 501 510 573 518 
591 541 571 560 506 505 559 561 597 571 500 566 504 575 510 560 551 590 565 552 596 548 512 569 502 559 581 518 530 556 572 543 544 546 572 504 583 546 529 521 
566 547 566 590 594 514 543 547 593 541 581 543 512 597 503 561 551 539 568 572 505 587 502 529 530 571 541 534 579 509 546 539 568 568 562 546 551 517 523 537 
531 582 522 545 536 551 505 533 521 596 563 561 596 513 513 542 574 581 507 533 597 513 511 598 587 536 526 538 520 524 567 599 531 576 507 566 589 508 544 533 
506 506 573 501 562 554 552 529 571 538 595 559 516 586 535 585 513 501 548 524 510 586 517 530 503 587 576 543 547 581 582 563 582 595 589 516 599 545 521 513 
535 507 573 552 541 575 597 592 599 566 533 517 546 573 595 560 556 582 542 543 586 598 576 581 562 544 539 534 599 539 524 505 555 559 512 533 562 543 595 521 
506 591 545 588 523 570 554 551 549 536 547 569 542 509 528 508 548 593 540 596 599 508 527 597 550 572 536 514 501 574 596 586 565 594 567 573 558 588 535 505 
546 531 508 564 563 584 537 526 587 540 551 558 535 548 507 575 517 536 572 592 568 577 597 516 525 557 550 571 545 560 515 564 568 565 579 510 560 521 556 586 
518 549 530 590 595 583 506 515 590 557 510 561 513 588 570 556 507 525 568 552 507 548 564 515 547 552 596 534 562 546 542 507 531 550 581 585 574 564 585 588 
588 555 551 508 580 576 519 576 557 515 572 557 546 548 595 592 579 523 538 512 566 518 510 582 519 543 511 558 525 579 576 566 571 575 560 521 562 539 533 569 
501 511 538 502 503 586 523 579 577 533 572 569 596 529 586 580 528 501 584 552 512 549 533 521 592 583 522 590 550 517 539 555 596 576 528 580 506 530 509 512 
523 563 513 584 550 514 561 550 514 575 570 538 564 535 591 532 551 575 594 509 588 586 556 586 583 547 536 566 524 587 521 586 522 523 573 595 557 545 542 522 
592 594 502 520 530 540 515 585 549 575 557 583 527 568 544 548 542 547 547 521 521 506 583 556 556 552 515 597 529 541 510 511 594 569 528 539 528 513 553 577 
537 540 570 527 578 529 562 562 544 578 585 591 508 586 532 537 537 526 509 551 512 568 565 524 519 598 563 574 600 552 590 520 573 565 525 572 563 586 520 592 
503 533 568 513 599 575 566 512 559 560 580 583 544 544 587 556 586 567 542 546 567 506 501 542 575 584 596 564 571 507 529 544 533 592 564 520 559 573 599 534 
550 509 565 589 503 539 585 599 589 555 577 523 580 580 506 595 572 574 595 574 510 518 560 571 596 533 540 538 562 540 518 525 528 571 565 537 564 583 551 542 
547 535 504 519 573 534 518 551 560 557 524 595 559 501 589 573 557 526 516 595 543 591 530 586 554 593 597 572 550 563 513 575 562 578 542 501 518 593 503 512 
551 506 529 547 522 501 560 507 541 543 521 524 547 507 519 594 582 573 549 515 584 533 589 594 567 557 542 590 576 543 527 508 530 543 555 581 582 530 528 582 
579 560 543 561 588 533 598 508 515 562 533 573 545 511 540 501 582 550 541 566 551 539 513 503 506 547 593 583 552 564 521 568 568 557 582 553 500 583 564 573 
557 567 535 535 522 586 520 508 567 542 518 568 543 506 593 597 567 557 539 573 532 553 585 597 519 523 506 558 589 545 546 520 567 556 574 579 561 518 534 541 
574 527 542 500 503 544 559 530 531 570 545 513 556 522 546 566 513 562 502 552 586 580 564 573 511 559 550 576 525 545 588 544 501 516 529 534 581 527 522 584 
600 550 572 506 552 571 555 539 554 589 529 529 501 528 580 548 515 574 597 589 542 584 543 579 545 535 596 511 585 510 557 586 513 528 544 503 589 583 544 553 
521 542 571 502 578 510 549 560 520 566 540 580 564 532 568 532 555 531 510 545 533 533 563 513 599 506 600 502 536 523 584 519 520 579 593 513 544 532 574 524 
533 574 546 512 512 573 594 516 585 572 544 529 501 518 512 594 533 561 546 556 508 544 528 526 541 580 589 529 566 588 562 556 580 512 577 551 537 581 565 572 
548 555 529 532 582 581 505 511 583 544 514 572 528 588 574 544 508 558 541 550 501 562 570 583 563 574 543 570 568 517 593 573 567 506 508 509 538 526 522 507 
568 589 505 514 571 591 513 526 532 552 567 510 552 532 565 538 507 533 555 554 568 542 510 529 529 582 588 600 550 556 579 585 511 514 554 511 525 585 583 512 
567 539 577 580 519 574 574 569 519 548 580 598 585 511 524 586 542 577 596 532 576 569 577 512 590 520 572 554 536 502 520 534 559 532 525 572 552 562 536 539 
537 568 591 515 506 581 567 536 582 524 528 527 597 568 558 522 591 501 508 503 571 575 518 516 503 582 563 541 507 576 559 530 584 532 523 539 511 513 552 513 
548 596 504 501 579 559 557 521 563 542 597 589 563 543 573 578 594 588 594 590 595 500 570 547 524 571 523 525 525 576 526 598 519 514 522 568 520 556 555 589 
572 525 513 518 566 556 544 540 580 592 524 571 538 530 567 520 510 517 509 553 572 549 520 525 503 546 510 544 504 586 534 582 549 530 526 571 511 572 501 525 
515 587 516 590 522 573 576 506 543 501 514 533 527 524 507 583 589 510 580 550 555 587 527 536 550 538 551 511 557 567 579 562 516 519 543 508 549 551 502 596 
519 556 549 507 571 510 549 516 506 579 579 514 592 517 573 571 503 538 504 586 542 534 535 588 510 590 542 545 591 506 582 515 588 525 549 552 540 534 558 531 
570 586 546 576 578 554 571 591 564 526 553 528 542 587 595 553 591 561 565 586 541 503 539 525 503 559 528 582 584 548 541 596 541 521 561 589 576 599 529 593 
573 509 573 560 518 566 512 522 572 556 534 580 569 530 533 530 574 522 534 556 515 530 558 547 573 541 500 522 501 579 524 564 600 510 598 598 573 537 516 578 
538 563 593 544 576 505 517 577 523 594 501 572 564 586 575 591 571 568 590 568 575 552 549 587 504 567 574 554 502 596 572 526 501 539 563 567 540 578 588 560 
533 576 501 581 532 553 514 507 540 594 558 540 576 510 568 544 585 542 513 539 549 574 524 594 550 513 593 515 580 530 542 526 509 590 599 581 542 506 510 549 
543 586 587 578 597 578 570 520 536 519 545 566 557 539 559 539 506 589 513 529 600 583 525 573 520 583 503 526 595 556 561 553 548 585 569 554 593 522 523 503 
595 510 572 554 523 598 552 550 574 548 589 533 545 599 587 556 562 533 521 525 521 558 584 534 586 513 558 569 539 552 523 591 501 557 522 531 548 502 523 548 
500 552 574 536 557 584 536 590 506 546 514 550 534 510 565 596 502 575 521 563 580 521 553 592 546 535 598 535 596 548 588 591 518 550 566 534 523 590 590 553 
553 567 545 533 583 558 515 528 510 559 593 515 586 530 530 529 528 556 537 521 541 581 514 578 507 573 552 511 534 520 531 588 584 577 534 574 507 599 519 514 
544 546 532 543 504 535 562 542 503 572 560 559 523 502 573 552 543 547 569 549 532 530 557 509 520 597 516 544 585 584 597 531 510 505 569 513 511 544 502 593 
540 576 523 543 502 563 590 502 555 589 557 523 568 533 537 500 567 595 585 583 594 522 547 555 543 503 560 540 569 525 597 566 572 509 575 591 508 579 503 564 
571 514 506 511 551 501 561 522 574 585 555 510 559 581 506 561 559 503 546 588 576 504 544 574 553 560 508 545 598 524 511 531 580 536 514 591 507 568 597 515 
586 531 509 521 505 594 600 532 505 570 597 578 519 574 544 558 506 568 510 581 506 538 528 548 578 573 540 551 525 535 540 597 594 552 555 595 514 559 596 556 
515 575 571 587 530 596 552 592 581 532 519 507 597 530 540 523 526 546 555 586 515 571 569 575 592 522 575 596 573 544 558 530 564 594 568 553 536 598 534 589 
502 506 577 568 523 579 553 521 599 589 598 502 559 518 599 543 527 577 582 575 534 591 600 569 518 515 577 580 513 585 514 599 529 505 581 549 569 538 547 577 
544 546 526 523 567 593 531 582 556 515 571 575 559 517 534 600 589 541 536 536 540 536 536 515 502 510 537 577 515 538 534 591 526 576 568 592 525 589 510 573 
593 501 573 535 579 517 529 573 588 590 580 563 551 512 508 576 599 571 515 527 583 592 504 536 590 559 579 572 554 584 574 591 568 566 510 591 547 571 564 560 
579 500 598 573 589 556 563 570 590 505 600 520 592 596 583 559 507 594 595 552 557 538 510 510 579 518 541 577 586 541 575 558 530 535 582 557 559 598 505 536 
587 508 543 533 510 530 586 586 531 506 580 549 577 599 506 510 540 538 526 535 549 580 517 597 568 581 586 584 580 555 568 569 599 548 520 595 511 569 567 521 
549 548 585 511 550 508 505 578 542 586 570 510 567 532 508 534 529 558 572 506 541 538 567 522 583 577 581 597 522 578 575 555 537 503 501 520 555 596 554 509 
501 505 579 561 504 535 590 567 518 515 568 562 549 555 547 508 503 528 503 588 582 518 505 565 513 589 508 597 567 594 565 510 511 520 515 557 510 525 576 528 
554 538 521 578 589 508 546 507 573 523 545 585 591 551 555 516 588 562 530 501 515 533 559 506 600 546 548 586 574 538 509 593 527 553 548 576 570 506 536 564 
522 571 600 570 566 540 572 570 521 517 589 537 530 545 528 542 581 591 507 553 578 517 508 583 553 526 589 568 583 558 588 596 537 575 548 600 591 555 513 584 
570 592 559 555 501 571 580 582 506 554 537 588 549 510 529 566 524 569 563 568 553 586 514 593 521 534 511 502 574 574 594 512 549 574 517 558 527 561 598 517 
519 533 548 545 512 574 511 563 560 542 518 591 592 519 529 523 548 545 502 582 596 586 543 516 576 598 595 598 570 576 591 567 508 526 571 506 543 582 534 547 
568 557 586 556 550 501 599 532 510 508 583 528 568 597 554 558 532 552 539 587 509 594 547 583 561 535 512 589 526 524 570 549 588 580 537 590 573 595 597 553 
576 528 515 508 581 530 540 513 507 580 554 593 592 513 584 551 515 570 500 543 599 506 536 561 553 533 528 531 550 584 553 501 542 519 512 581 561 529 587 567 
561 586 563 549 590 551 510 595 513 548 547 557 512 560 550 540 535 502 560 531 571 572 511 583 585 505 594 592 522 563 506 520 570 536 560 552 549 551 567 579 
554 502 596 561 582 544 579 506 503 534 530 558 579 594 579 597 516 526 541 581 518 527 584 593 585 560 559 569 546 587 592 511 550 579 575 529 538 543 596 552 
577 544 585 503 521 511 582 538 533 539 543 583 597 549 543 525 580 559 551 537 538 563 564 548 573 547 552 585 585 575 532 544 577 518 574 578 503 519 520 599 
574 522 559 534 553 589 588 582 510 503 554 570 519 515 562 596 516 595 587 500 547 594 530 522 577 512 599 522 544 550 514 576 572 576 564 569 582 545 562 557 
559 538 571 560 570 520 516 516 540 539 586 503 528 593 596 507 562 563 572 505 526 575 563 568 505 532 506 533 532 554 598 573 598 589 538 578 513 596 558 522 
527 521 551 576 558 504 555 502 577 583 569 527 551 506 598 584 551 548 557 575 557 597 574 589 535 559 579 581 566 501 580 591 540 519 538 563 554 506 500 596 
581 571 576 527 591 503 534 544 541 518 568 558 571 599 564 599 570 539 560 514 595 545 583 563 567 542 505 572 566 526 551 564 502 506 550 581 542 573 522 581 
512 569 520 560 501 538 595 539 545 505 540 510 565 584 531 542 581 540 569 577 534 539 502 577 587 562 569 507 578 575 503 547 559 572 579 575 539 543 593 586 
502 523 528 600 597 529 505 502 590 501 559 519 542 577 578 597 558 500 584 570 503 522 561 514 591 537 547 522 595 596 545 565 532 553 532 507 517 549 558 590 
589 559 567 515 565 529 588 587 565 580 573 583 505 586 579 578 581 522 520 539 552 542 545 551 530 552 514 558 512 570 562 526 518 598 600 557 532 542 576 509 
536 557 595 509 510 501 585 563 520 534 533 596 520 586 550 571 547 577 542 580 584 581 569 512 509 547 538 514 568 529 575 530 533 588 543 566 532 563 514 521 
572 530 520 590 582 596 534 507 544 587 547 509 599 538 556 528 545 594 583 539 559 569 562 524 505 537 594 531 528 537 553 538 525 525 566 553 558 512 538 501 
545 548 568 587 543 565 587 541 507 579 514 569 592 510 508 577 541 572 569 541 552 557 501 537 544 590 558 555 548 541 527 557 592 534 516 572 577 559 556 505 
534 507 538 529 521 572 533 587 521 575 577 598 508 532 516 580 527 560 538 502 592 569 540 545 594 532 518 535 586 590 551 566 568 542 548 537 511 552 560 569 
571 538 577 570 502 548 574 570 553 531 558 547 520 556 546 501 582 545 573 567 533 509 598 562 516 516 569 504 594 528 566 559 518 575 525 595 593 569 518 559 
541 570 532 587 506 544 594 534 563 593 508 581 514 547 519 531 597 530 516 539 524 556 536 514 538 514 530 586 552 544 511 544 598 514 592 568 521 558 568 528 
574 519 528 513 512 520 584 509 595 557 549 552 527 581 515 520 514 512 504 531 510 505 593 576 577 574 535 589 586 511 540 544 532 590 569 530 546 530 563 536 
517 546 519 557 556 534 566 589 586 548 522 599 514 578 529 561 525 537 581 505 524 505 522 523 590 501 553 528 528 572 582 560 541 525 528 573 546 539 515 567 
508 533 567 540 578 577 566 564 540 571 527 528 516 535 521 591 587 577 538 538 512 533 573 537 572 502 577 532 561 514 511 537 596 510 587 591 538 513 586 509 
523 527 594 533 552 593 592 562 506 580 577 529 554 600 529 536 596 572 525 578 553 576 578 517 584 557 549 578 503 597 556 585 529 544 588 558 584 571 587 538 
521 506 565 510 556 556 555 543 527 518 536 571 514 540 563 570 577 591 590 520 511 539 583 551 525 549 546 512 580 562 516 516 556 595 594 533 527 591 524 563 
570 513 535 591 527 528 596 503 504 572 573 529 579 556 570 533 538 563 595 573 577 564 590 588 534 526 508 598 534 599 530 522 565 524 562 541 520 569 540 570 
572 504 535 517 559 572 564 534 511 500 501 592 533 587 585 547 532 528 554 555 551 585 538 573 544 516 524 548 521 501 541 578 515 539 547 598 589 522 511 531 
555 577 524 500 583 549 587 588 533 578 536 507 517 566 539 596 587 557 547 570 507 575 589 585 555 582 559 590 547 556 510 584 503 510 571 507 588 587 547 511 
582 508 569 511 588 574 504 503 569 513 530 596 564 560 563 510 546 590 563 517 504 541 568 534 563 522 548 506 591 551 537 528 534 505 530 588 589 561 535 541 
517 563 502 550 531 544 588 531 534 579 535 517 577 565 549 509 570 544 514 578 571 518 600 559 512 513 513 516 567 501 523 596 563 592 567 594 562 539 590 590 
506 526 599 540 583 537 527 526 541 517 536 593 592 585 505 542 557 540 580 543 547 593 593 592 596 599 564 532 573 582 543 594 547 572 571 554 591 596 545 595 
525 599 539 514 561 578 598 532 584 562 516 583 581 563 563 500 516 600 517 512 597 537 530 521 589 523 518 547 575 509 562 523 560 565 558 501 577 554 559 505 
531 519 584 524 502 572 598 537 587 528 590 530 539 504 589 524 567 558 509 530 568 576 508 512 524 508 598 511 586 504 550 565 518 524 573 526 582 511 559 570 
588 542 539 533 526 515 571 530 569 526 569 541 516 535 539 571 588 550 579 506 537 555 573 538 593 567 554 530 578 511 558 520 570 523 563 522 562 543 590 545 
595 554 529 548 527 560 587 509 570 536 596 550 527 573 518 587 591 514 535 557 591 544 511 565 506 583 562 553 582 502 579 558 503 550 585 551 530 571 516 546 
586 543 564 520 565 571 522 503 585 512 511 512 513 526 593 542 546 565 586 544 501 549 540 543 568 501 545 586 523 530 573 513 508 581 581 501 515 503 517 519 
537 592 517 588 587 519 587 550 569 546 589 576 573 590 598 565 530 583 585 528 530 550 543 556 511 598 574 595 555 576 586 505 557 573 585 568 556 534 541 557 
537 544 585 596 540 582 559 577 552 559 505 596 552 594 600 537 531 578 553 520 530 549 517 576 548 563 591 530 517 540 519 596 545 514 597 522 586 536 554 530 
571 584 574 550 519 581 561 538 513 551 568 516 501 536 551 593 567 567 517 547 573 556 556 576 581 558 511 541 590 521 599 571 549 509 593 503 546 588 540 569 
572 591 557 548 505 510 542 566 572 582 592 594 588 566 509 579 572 526 532 519 580 564 548 549 529 583 541 517 585 553 502 561 539 523 503 507 599 505 505 558 
579 508 558 547 540 514 510 567 540 516 535 501 586 558 541 518 589 555 530 510 578 577 511 581 514 522 586 516 523 522 570 588 513 547 514 589 573 510 523 581 
556 582 517 511 593 561 563 537 590 581 560 555 508 531 590 524 527 520 535 529 546 527 539 535 564 506 571 514 549 534 590 551 592 533 553 561 592 501 593 579 
536 521 571 590 556 552 569 525 581 505 582 539 520 561 534 538 535 503 510 525 506 536 594 590 574 539 545 550 537 579 560 527 521 550 592 513 552 556 541 555 
513 528 515 578 537 536 552 502 502 566 527 545 504 542 501 505 537 534 581 569 594 571 593 583 586 553 504 592 529 532 513 532 542 506 533 521 579 545 518 501 
558 541 595 511 586 558 521 597 573 516 583 502 600 535 579 569 572 534 582 565 575 550 561 516 526 521 596 589 571 557 542 580 577 590 509 584 523 570 561 564 
592 552 561 533 508 507 509 528 569 517 556 541 585 563 582 516 513 527 577 552 537 530 564 558 558 599 544 552 574 547 572 503 569 585 569 544 546 512 539 532 
574 547 560 509 518 510 549 595 591 553 523 532 548 504 514 532 583 576 508 529 536 548 509 516 597 531 555 524 571 561 536 579 543 600 587 535 547 519 560 570 
550 504 598 507 580 513 564 581 569 560 593 558 596 523 579 510 546 583 517 565 517 557 538 503 541 576 542 568 513 510 596 516 526 565 544 515 566 581 578 566 
521 519 528 521 588 513 598 505 510 519 551 574 551 599 500 570 501 512 593 544 579 500 569 568 559 504 529 552 547 530 567 537 583 555 535 534 541 559 541 529 
562 501 510 566 528 583 553 586 570 577 529 588 581 503 582 528 545 578 502 582 527 581 544 532 596 509 581 556 537 502 598 531 508 578 555 577 539 505 555 501 
568 582 506 517 584 536 574 564 587 531 549 536 526 558 575 584 547 560 528 586 561 583 524 575 540 591 507 560 570 566 541 505 539 579 507 541 531 519 580 515 
554 500 539 515 532 590 531 522 523 532 590 575 555 553 595 550 588 575 501 591 551 574 583 542 501 563 590 573 500 582 581 594 527 519 585 595 557 514 544 574 
567 596 586 519 570 572 560 569 574 563 538 571 512 548 537 501 507 581 547 523 558 565 556 589 557 521 593 531 584 580 558 573 525 572 589 571 524 511 593 573 
567 587 541 531 532 520 597 531 589 527 549 508 507 522 537 572 517 540 515 555 529 553 583 554 505 533 586 538 548 557 548 536 530 585 505 535 598 537 553 533 
517 553 507 552 548 525 564 594 552 516 502 586 585 516 549 564 528 508 522 586 545 518 511 566 581 500 553 579 551 568 538 573 552 568 519 591 522 567 533 596 
537 596 560 526 584 573 557 561 582 584 563 545 537 522 553 509 541 586 586 600 546 504 585 578 594 539 528 574 575 562 553 504 529 541 600 571 541 552 534 518 
570 514 542 510 527 523 585 552 588 508 538 575 502 562 576 542 543 599 571 567 500 554 599 541 516 524 592 506 514 509 584 526 573 512 515 544 543 502 507 526 
510 551 528 527 553 587 503 530 545 549 537 556 500 515 562 523 576 538 520 514 555 531 545 599 593 563 514 583 596 574 567 509 562 515 516 523 506 558 511 580 
548 558 514 552 534 551 507 565 524 596 530 578 562 538 536 574 512 522 599 538 533 586 508 530 511 525 553 586 590 587 559 505 557 570 548 591 575 502 521 586 
572 533 591 582 534 587 517 516 546 521 512 596 589 525 526 570 598 531 534 589 511 527 569 597 584 503 590 540 557 549 570 506 577 515 540 514 523 575 538 522 
592 569 531 527 541 515 521 568 586 512 554 562 504 571 583 531 502 556 557 597 537 516 552 558 595 535 542 575 585 543 592 522 587 554 521 586 559 528 549 523 
512 577 559 598 588 556 509 570 501 510 577 597 539 570 545 583 536 520 537 573 540 577 571 581 559 551 588 513 562 581 577 596 547 573 600 551 518 570 583 561 
534 533 548 515 514 529 568 537 515 535 599 533 516 514 515 509 580 520 535 541 569 541 536 513 539 583 583 540 537 548 516 545 579 581 588 565 589 562 528 594 
506 583 583 599 509 541 568 555 519 514 509 596 555 530 574 572 576 531 528 558 531 582 549 560 587 500 589 510 522 591 575 549 596 511 584 532 534 502 533 516 
596 576 560 600 599 524 507 541 532 586 518 566 581 519 506 537 534 535 571 558 554 600 557 519 536 509 587 523 578 501 519 540 534 550 591 576 542 560 576 563 
525 564 553 503 518 567 548 514 578 526 533 572 564 529 569 550 597 521 520 585 550 502 599 524 514 575 511 548 539 538 597 562 566 532 502 587 572 599 523 528 
