866 786 897 614 897 769 508 658 955 679 997 679 754 604 893 601 629 703 919 885 732 687 746 808 
834 995 724 796 748 697 647 936 982 784 742 864 896 624 699 888 717 991 682 817 931 715 881 582 
670 586 800 879 854 819 587 678 949 973 860 565 867 865 576 514 611 635 646 815 934 742 604 994 
879 803 771 702 707 812 978 674 838 884 539 966 559 825 783 820 870 917 597 639 981 971 530 652 
574 788 652 994 592 824 988 557 927 965 965 569 508 934 925 501 923 507 913 531 820 805 536 897 
960 578 842 617 940 517 787 678 697 740 965 898 551 749 935 825 666 758 566 632 925 930 976 603 
856 673 750 943 846 794 755 744 538 895 989 583 897 573 519 848 581 559 722 517 864 587 620 725 
995 907 752 598 989 966 664 952 971 924 686 564 846 777 822 881 646 508 686 619 573 787 562 856 
863 892 756 843 714 618 569 874 666 597 835 683 927 550 570 968 776 642 940 770 798 708 851 532 
811 777 603 827 521 902 682 852 986 983 859 890 687 847 930 603 550 991 531 625 934 542 584 537 
715 563 573 967 710 522 962 635 818 796 694 839 893 772 835 959 961 691 551 706 533 518 735 967 
905 744 725 704 938 669 672 522 935 796 754 600 890 651 541 864 965 908 964 835 708 879 939 785 
636 502 845 893 932 630 666 761 642 517 733 756 862 545 643 780 548 835 529 679 709 540 508 641 
838 724 734 558 612 848 634 943 958 547 512 618 764 955 822 537 588 995 573 685 893 684 913 681 
904 576 587 785 867 666 583 653 573 632 908 831 648 959 555 562 742 618 846 633 866 551 984 620 
752 903 727 984 747 514 771 621 849 834 518 591 660 549 549 867 621 819 740 571 522 669 588 806 
935 680 930 784 807 778 880 623 594 518 909 748 934 896 648 535 995 856 590 876 745 768 521 544 
514 785 594 804 863 621 644 888 879 891 904 538 648 816 952 961 785 690 828 690 523 638 874 918 
986 839 506 542 903 979 708 758 631 857 715 682 997 665 921 589 584 615 726 984 709 677 620 870 
978 852 955 657 909 510 955 838 760 944 671 626 809 931 684 909 964 704 993 501 706 872 669 767 
985 941 942 863 835 722 550 919 572 540 790 643 579 761 829 951 817 813 962 821 794 978 645 742 
884 857 728 710 997 547 958 879 714 692 949 573 661 680 914 528 974 907 626 810 875 632 637 516 
986 583 990 986 613 599 686 856 904 720 895 935 865 748 941 992 862 947 761 689 878 656 665 985 
870 738 812 998 764 877 987 914 688 902 863 667 711 909 555 728 948 588 913 986 561 801 621 803 
747 555 778 979 998 656 794 956 988 966 525 743 597 773 719 660 703 948 960 607 984 679 928 721 
614 661 907 879 857 813 617 651 677 647 545 919 622 595 599 507 864 689 531 796 883 636 671 922 
935 939 687 768 551 849 668 605 942 563 975 850 812 692 930 535 717 659 522 708 701 816 952 615 
606 683 951 631 546 843 947 533 678 651 751 840 516 544 595 570 676 853 953 869 536 658 706 626 
958 839 852 783 808 606 561 688 664 920 529 968 699 839 679 508 881 936 919 763 734 591 750 743 
535 544 682 658 956 763 504 789 774 770 620 837 897 710 741 575 589 583 893 784 901 659 794 563 
915 736 787 736 575 532 660 703 973 617 772 704 585 903 562 592 599 879 624 833 572 847 673 587 
806 581 828 830 932 940 780 624 838 595 545 739 695 644 604 995 948 537 870 777 781 834 559 826 
681 959 638 520 855 727 676 509 874 563 533 649 549 939 953 849 659 681 745 544 796 948 880 649 
688 770 923 944 520 693 887 517 857 681 679 948 946 566 967 619 754 940 893 587 760 546 718 639 
607 797 560 734 893 731 567 692 955 796 944 586 657 505 910 946 813 610 773 985 992 599 931 700 
575 892 743 813 584 803 841 657 894 899 558 715 584 559 796 667 809 628 779 912 692 704 734 663 
854 721 718 832 854 601 884 557 897 891 631 830 819 917 709 842 980 611 960 736 807 793 512 647 
879 823 872 976 537 649 970 998 662 914 852 536 869 897 841 533 981 710 588 997 808 776 600 923 
841 738 912 899 614 601 739 750 622 502 531 692 781 638 501 585 573 531 818 511 618 881 778 526 
549 946 890 538 702 966 944 939 734 787 746 681 933 982 848 655 595 863 693 850 956 923 749 870 
832 871 830 550 692 532 902 501 557 529 826 561 730 784 592 750 961 978 748 944 833 773 822 619 
715 699 688 631 802 727 936 631 864 705 937 839 954 926 913 509 953 742 961 575 959 758 583 556 
637 761 924 956 790 670 520 991 529 911 510 623 533 758 857 994 540 791 792 979 811 755 772 702 
948 732 905 502 566 657 905 910 953 833 763 901 954 740 945 728 977 524 575 838 602 727 636 945 
940 893 913 993 973 844 963 847 777 533 576 695 599 511 765 736 945 652 504 898 915 940 508 911 
659 706 993 725 968 863 500 849 618 793 952 849 723 660 766 842 970 575 966 953 742 626 849 843 
756 954 905 517 965 631 794 761 600 778 832 686 860 926 543 962 875 807 961 974 681 836 513 734 
614 700 908 538 586 597 596 942 904 765 501 792 867 594 827 652 514 735 882 594 544 726 986 952 
512 804 654 764 570 678 863 731 619 682 841 687 889 827 956 659 547 922 879 741 619 544 839 632 
575 759 920 807 588 637 949 911 609 717 678 608 979 691 559 720 985 741 574 631 844 540 660 554 
748 586 934 876 723 648 530 933 674 733 980 683 627 613 716 869 781 561 872 899 635 583 701 784 
566 554 555 611 846 798 983 634 741 757 643 722 943 538 837 989 695 760 613 597 630 702 996 814 
947 950 539 548 663 790 507 714 837 778 633 890 753 517 512 871 699 788 826 833 581 831 702 952 
771 677 658 957 665 566 693 705 597 611 708 505 852 986 580 525 659 559 824 771 659 980 909 715 
993 907 911 807 732 641 831 707 555 572 504 715 664 991 671 988 556 896 899 769 924 603 674 977 
543 554 582 614 653 857 680 611 968 726 704 800 559 592 967 889 986 796 856 891 688 907 516 611 
748 807 893 908 796 843 959 582 920 939 558 850 585 716 937 516 697 760 651 544 551 842 649 896 
552 983 503 581 697 901 810 542 966 501 993 572 848 693 787 628 902 933 866 995 837 543 666 910 
756 941 602 862 795 592 983 906 555 563 579 976 810 734 884 781 634 814 790 509 688 945 958 689 
550 807 854 668 584 753 992 818 984 634 583 681 737 601 905 893 881 777 835 877 573 857 598 879 
573 772 932 582 917 709 985 643 639 902 866 606 559 710 945 822 751 656 555 552 948 707 945 644 
762 696 899 711 726 924 593 951 769 606 888 783 894 928 859 686 924 647 507 682 825 739 723 575 
725 784 684 664 893 838 997 769 542 734 544 548 966 812 567 695 636 772 712 750 505 895 817 851 
907 569 909 913 531 646 964 820 633 779 604 857 694 531 581 725 944 662 954 611 714 632 536 903 
782 964 809 780 926 766 603 520 597 814 1000 986 686 728 502 904 530 896 684 640 896 942 611 825 
834 630 990 800 882 748 600 980 776 628 703 850 886 581 741 941 783 662 763 765 920 793 644 795 
566 903 794 709 733 870 658 755 988 675 952 701 636 791 707 960 913 980 801 625 939 773 793 743 
795 538 508 813 751 673 925 595 747 593 569 956 892 765 717 592 857 740 849 603 662 673 924 518 
980 522 658 981 724 690 629 953 771 533 635 901 852 744 880 558 706 803 676 992 782 749 975 817 
834 693 664 517 933 609 696 990 520 554 744 516 734 606 692 512 924 916 899 530 812 934 808 604 
964 929 579 658 796 626 573 833 515 834 617 688 976 624 616 885 598 696 708 568 581 736 762 788 
804 654 678 944 909 746 538 836 698 941 804 541 579 905 871 978 971 922 931 612 633 575 691 904 
570 896 645 729 759 758 723 593 566 920 734 645 869 769 694 555 506 896 706 991 793 808 718 542 
510 679 602 549 830 665 603 952 844 952 863 860 913 821 829 699 736 619 984 908 634 698 960 776 
673 960 735 637 883 793 716 783 942 815 660 545 843 956 979 657 648 525 643 611 603 566 970 854 
977 892 763 800 628 844 848 742 938 917 699 901 840 561 982 943 847 538 934 941 561 888 657 882 
795 652 513 931 571 638 935 797 852 643 590 692 524 653 959 943 755 689 533 515 971 581 919 761 
839 572 823 892 754 794 946 746 950 767 505 586 504 705 679 773 592 547 931 776 505 723 756 628 
563 850 561 534 661 598 978 992 832 671 557 882 838 914 900 633 893 713 927 678 802 972 591 549 
860 565 970 582 534 816 822 822 552 641 765 857 641 654 924 921 807 637 962 740 639 911 575 713 
787 759 627 653 843 693 755 931 520 968 872 991 620 877 630 842 924 987 548 735 753 599 603 876 
573 834 731 653 662 890 801 955 942 616 755 825 747 695 721 777 897 843 545 752 579 546 807 814 
665 512 502 795 713 611 709 751 540 704 684 686 854 907 946 642 583 949 535 884 645 886 764 516 
548 614 913 999 804 676 903 684 802 555 672 548 880 709 544 513 978 781 536 795 870 992 680 891 
612 897 524 919 942 774 658 659 525 557 675 764 529 852 650 739 680 683 822 911 523 769 789 722 
785 710 663 842 838 659 740 663 877 589 884 928 583 981 934 821 639 814 574 993 594 897 733 620 
717 713 699 717 580 538 769 550 756 761 867 613 627 924 700 780 935 655 642 834 819 762 648 730 
731 909 662 564 712 898 555 837 675 720 803 737 930 656 715 787 841 843 640 831 611 821 733 946 
819 745 959 505 972 516 650 747 931 767 566 801 734 716 500 786 926 556 649 687 657 663 535 867 
919 521 935 674 934 917 878 753 806 544 895 766 703 804 846 880 930 723 751 990 915 501 702 765 
716 869 532 754 813 520 574 876 557 533 924 789 777 828 802 706 678 789 674 914 774 867 963 800 
740 545 791 891 677 713 807 987 928 613 796 602 687 623 883 574 779 803 770 807 622 731 574 734 
988 781 950 737 816 637 818 855 963 944 629 762 880 631 743 599 855 566 597 894 569 820 985 905 
832 960 889 862 521 888 921 704 830 904 573 526 595 754 580 591 556 592 845 867 582 873 981 695 
959 846 670 805 516 925 640 514 949 848 717 603 856 653 1000 940 603 639 853 593 775 585 540 758 
597 638 923 992 808 910 805 834 637 927 592 538 617 734 608 766 618 548 977 711 612 991 661 740 
771 580 828 787 687 735 871 837 548 723 514 968 816 581 572 552 992 652 553 839 759 541 919 758 
845 890 940 915 634 996 713 884 639 951 528 507 591 564 899 547 525 995 704 676 859 611 985 882 
593 752 615 515 895 654 635 835 920 970 697 507 900 903 692 660 607 619 742 719 945 707 866 864 
560 624 777 573 954 626 852 866 743 861 984 947 803 908 618 609 683 663 918 859 784 605 622 870 
947 610 780 973 670 582 695 535 867 823 983 699 647 665 855 574 744 528 769 607 861 685 795 969 
790 643 624 935 821 669 783 853 559 629 746 917 912 911 756 599 611 854 804 698 778 700 817 616 
663 738 754 573 804 927 922 602 979 896 948 812 970 850 980 996 743 568 794 813 813 735 634 894 
669 554 716 831 746 650 962 661 598 923 660 544 994 652 852 505 835 733 902 691 888 610 801 752 
961 528 901 553 774 926 892 579 898 843 958 995 778 897 686 949 943 982 910 857 686 967 799 502 
553 814 643 916 686 629 890 654 606 834 631 672 718 709 837 648 902 742 796 732 688 800 822 810 
654 791 899 504 792 591 605 760 710 652 739 984 701 826 709 833 762 545 899 870 862 671 786 946 
794 891 792 753 650 715 902 679 514 726 754 643 646 861 505 805 525 640 933 571 759 869 805 530 
978 978 736 521 975 782 832 681 965 561 563 948 960 503 928 608 899 670 602 618 773 755 892 535 
626 558 911 535 941 694 572 615 524 717 558 690 652 907 611 946 848 671 554 901 801 554 630 789 
544 537 839 972 650 906 582 738 816 593 566 942 849 523 522 601 666 630 929 653 572 823 562 729 
684 806 796 911 510 797 743 561 809 781 890 965 975 614 583 608 839 854 763 576 871 871 548 660 
923 888 828 907 767 734 699 933 785 729 680 501 842 717 759 932 941 916 977 586 933 866 855 760 
647 888 606 956 948 573 690 640 840 976 912 689 889 788 876 888 807 897 716 941 739 873 705 591 
846 529 886 573 958 850 584 742 662 694 704 852 837 790 898 576 749 713 787 990 973 592 546 868 
507 980 802 756 593 910 900 928 850 798 731 926 502 971 938 558 544 738 934 801 881 530 804 712 
535 764 767 572 703 727 536 606 514 872 987 747 510 577 725 542 966 505 719 921 799 864 839 678 
956 974 711 622 768 661 979 512 904 657 644 983 680 763 806 814 592 712 741 504 581 742 888 765 
658 553 919 632 632 914 727 554 831 851 748 930 805 930 707 677 648 799 953 572 686 777 716 690 
907 893 715 923 641 907 687 673 609 982 523 938 597 768 825 639 635 838 828 654 675 974 746 661 
907 992 736 506 947 868 793 943 793 584 510 721 541 725 780 601 987 983 615 545 869 855 906 898 
634 933 563 554 710 840 593 687 940 947 810 783 904 669 997 802 516 741 945 950 908 513 948 663 
706 918 935 500 970 894 557 829 661 679 666 731 652 996 752 760 888 801 530 751 974 868 984 533 
541 626 816 519 915 772 859 762 700 827 646 706 530 919 945 972 881 685 711 649 919 852 1000 687 
538 632 557 622 818 721 874 958 797 821 668 699 545 698 838 609 678 955 597 937 557 786 584 933 
553 634 902 646 874 771 649 589 592 974 622 987 607 567 515 967 943 742 556 649 854 701 628 741 
898 756 593 855 700 696 599 890 800 805 840 953 587 587 817 918 930 836 792 833 786 844 751 534 
632 659 814 925 742 919 660 529 931 919 656 525 516 704 991 616 875 586 782 706 601 622 687 972 
877 712 737 557 840 605 684 734 781 706 818 998 714 733 815 701 922 876 793 931 735 742 907 993 
923 989 915 966 700 695 780 912 969 602 994 984 559 536 943 758 830 902 756 771 649 784 692 855 
863 821 762 991 526 625 899 526 747 667 616 730 672 648 714 776 716 524 731 879 807 967 948 929 
515 662 886 592 561 989 871 974 851 725 836 573 762 577 695 859 579 929 720 950 578 852 974 995 
872 532 518 966 784 889 675 716 626 818 809 769 871 555 682 941 860 854 570 512 785 739 964 790 
839 755 783 547 513 729 676 910 695 729 588 944 792 974 925 753 780 629 731 591 667 996 968 558 
502 778 566 622 675 689 577 791 902 812 853 928 875 763 831 787 719 785 603 998 502 584 585 851 
681 799 730 837 973 647 853 558 796 896 740 715 512 953 878 517 870 972 728 501 630 520 616 830 
514 953 922 820 720 791 895 514 888 994 520 795 512 682 504 622 931 943 584 615 642 527 948 827 
826 824 730 688 575 660 632 701 954 582 864 621 650 891 718 958 581 856 717 779 975 628 901 896 
534 511 936 675 945 889 870 797 612 690 964 947 610 955 677 533 985 634 976 649 663 920 798 624 
826 519 608 640 784 879 599 503 934 562 743 792 598 511 993 735 586 645 586 779 996 803 506 945 
886 700 796 702 559 671 532 693 841 623 911 787 857 717 996 562 927 945 827 920 843 883 701 700 
890 526 569 751 625 745 600 559 538 516 622 646 838 707 733 602 760 834 545 700 876 821 596 704 
544 910 650 590 750 521 679 513 718 953 969 510 787 981 930 517 686 978 774 931 957 877 896 563 
901 855 894 943 553 788 779 584 815 628 584 923 985 988 673 777 578 843 690 795 930 881 724 993 
712 656 862 604 606 835 963 574 530 944 572 684 893 645 561 900 535 699 669 647 573 905 761 891 
560 924 747 956 931 509 730 712 890 812 552 826 965 550 589 936 626 929 690 711 960 867 866 906 
528 674 886 611 668 971 618 562 601 752 539 968 860 629 984 963 662 916 829 888 975 829 908 769 
651 724 621 942 644 891 784 931 917 571 916 802 814 976 779 828 750 728 604 950 743 730 577 616 
897 658 764 727 600 823 799 531 810 843 766 947 926 632 845 892 885 883 913 859 713 817 907 568 
937 610 895 676 834 535 916 639 658 969 782 939 596 554 651 526 818 920 817 958 646 501 777 809 
941 605 762 591 989 513 558 517 730 532 540 592 871 518 995 611 970 531 923 798 774 919 628 927 
670 718 529 891 762 916 778 824 691 738 852 991 956 723 947 788 613 520 607 834 853 921 654 738 
582 797 612 771 766 715 935 786 900 650 977 854 624 822 776 713 597 813 834 752 883 759 711 881 
741 502 872 741 795 770 852 870 736 505 921 531 793 650 585 556 852 794 829 671 734 703 699 903 
744 905 893 782 758 603 678 700 711 832 586 871 501 889 927 516 930 692 838 975 927 859 663 599 
942 905 608 891 512 601 739 988 611 643 510 721 554 922 633 571 825 798 736 518 827 915 866 860 
686 713 530 740 859 920 593 709 927 935 959 804 565 629 617 746 829 735 730 956 997 585 579 758 
860 643 814 726 945 816 566 775 812 753 610 716 665 870 901 620 667 545 912 963 949 990 850 651 
951 974 926 635 827 678 507 974 827 577 582 807 613 907 603 842 673 846 901 565 569 722 983 529 
892 625 651 692 937 986 513 892 717 763 563 687 571 516 662 900 743 795 838 853 934 860 998 861 
952 890 705 733 712 977 871 608 971 804 780 606 783 543 512 887 821 621 970 831 799 665 802 703 
892 993 680 756 629 728 978 871 916 658 565 970 915 641 998 519 672 971 583 625 989 716 841 797 
672 708 596 598 899 953 974 545 593 880 772 717 798 955 748 663 686 820 531 840 946 744 961 931 
931 787 796 991 569 716 854 546 666 833 785 843 836 988 771 606 966 697 613 772 687 891 752 795 
998 957 930 743 784 851 792 535 616 701 870 781 817 915 528 834 945 974 536 762 920 673 602 592 
695 733 797 795 952 813 941 611 968 572 626 926 888 580 717 561 795 968 736 926 570 870 728 652 
668 792 770 908 573 719 954 759 797 837 784 526 928 933 536 754 862 613 788 999 958 616 928 790 
500 664 572 723 975 832 975 797 775 648 595 704 593 665 664 921 885 937 662 576 892 923 798 681 
861 981 656 954 705 731 844 576 993 697 569 856 756 767 708 892 750 616 575 961 919 891 676 970 
935 555 913 951 829 921 788 683 820 554 806 677 613 793 881 854 528 830 692 904 975 868 555 896 
891 501 991 894 897 636 815 892 550 821 680 562 698 554 639 894 544 694 917 963 709 786 712 662 
625 692 953 864 804 572 592 624 572 855 608 637 547 507 547 780 730 992 534 743 696 949 815 811 
545 768 533 538 822 825 537 652 828 794 671 661 785 577 615 761 510 989 943 756 829 506 748 849 
630 963 735 766 529 752 883 810 811 664 834 566 856 671 847 608 973 545 741 670 600 854 901 877 
532 993 529 770 906 533 965 957 833 785 501 858 671 639 772 659 572 803 896 671 551 749 690 964 
955 768 896 722 833 666 975 941 838 751 679 662 910 911 688 614 612 684 774 715 632 839 545 535 
567 656 961 950 750 657 938 812 991 717 976 631 737 583 878 843 769 951 754 896 711 899 610 503 
698 568 983 517 725 641 661 542 804 762 702 988 663 690 549 927 890 589 692 700 501 996 928 901 
570 610 927 934 678 705 898 992 540 553 813 946 831 917 741 720 832 742 984 877 636 851 836 775 
813 543 893 742 514 634 991 886 660 582 951 748 949 503 952 650 578 971 967 700 664 633 834 568 
504 812 637 727 914 865 731 534 542 714 830 594 631 579 741 528 890 576 922 842 692 952 676 766 
504 887 935 510 537 866 683 556 741 804 716 686 907 702 550 606 745 729 920 634 940 783 930 538 
819 672 545 761 876 708 742 861 530 620 756 653 626 820 989 640 801 676 767 950 957 582 762 634 
743 722 519 793 524 582 653 623 970 838 902 609 531 937 856 703 649 749 789 970 740 841 681 780 
541 533 598 786 600 999 750 519 773 851 677 575 730 710 609 1000 602 943 715 567 518 840 521 829 
909 638 971 881 582 935 675 953 687 637 538 542 838 736 582 932 755 813 912 571 934 821 875 910 
971 774 612 905 793 657 806 551 670 946 591 900 515 779 645 672 594 929 704 666 897 874 769 834 
558 859 973 973 807 997 665 639 601 551 893 500 672 692 612 980 875 646 548 652 833 740 787 996 
517 538 772 716 999 815 539 988 764 810 604 591 577 769 595 528 543 943 797 851 598 824 933 536 
812 535 624 888 519 891 582 554 874 801 736 885 625 794 598 978 936 573 812 870 800 630 956 993 
648 584 765 593 905 523 626 969 885 759 743 998 515 524 568 552 512 778 676 508 779 896 894 720 
882 656 632 902 623 550 970 537 825 589 710 517 584 867 676 868 874 818 739 532 989 668 597 793 
972 767 524 581 756 571 889 982 921 684 890 946 549 996 565 768 813 567 775 579 552 557 960 683 
702 591 625 711 597 604 609 695 755 819 831 778 907 649 817 899 648 916 973 940 703 941 633 913 
944 640 607 923 911 931 512 736 703 844 852 944 749 879 893 800 589 755 529 963 907 856 956 985 
702 757 592 518 598 886 800 837 907 956 617 890 720 982 793 740 886 751 582 845 878 824 852 796 
692 680 700 711 513 830 890 654 529 778 548 528 901 871 689 553 516 708 749 539 758 873 953 812 
700 908 948 748 702 569 772 528 542 500 840 817 840 639 774 731 646 727 998 543 700 994 689 743 
976 645 742 659 787 952 595 989 801 846 821 719 992 557 584 516 636 939 626 818 618 790 603 970 
914 549 719 879 764 923 716 770 646 590 901 785 822 768 546 746 816 552 577 579 835 562 633 973 
761 549 678 503 962 751 975 570 795 899 878 611 816 916 983 697 808 958 855 716 897 587 617 509 
611 978 861 912 903 703 941 813 760 733 830 934 638 966 859 688 623 660 791 590 792 833 765 798 
929 767 832 529 825 906 874 671 553 564 856 586 717 960 975 676 791 756 890 956 826 865 857 958 
867 953 694 953 613 653 660 578 929 656 915 594 968 972 898 610 781 747 542 765 910 691 908 936 
602 760 912 718 887 888 972 504 899 662 508 646 945 989 861 787 946 902 816 590 504 793 556 701 
966 980 970 928 999 643 892 721 790 784 955 684 629 993 874 956 757 939 602 934 967 605 917 935 
603 932 635 523 687 657 762 835 580 748 520 882 644 976 817 927 566 774 853 654 571 676 665 969 
912 728 559 919 639 931 501 807 769 843 631 738 619 647 747 931 659 581 671 778 917 769 580 735 
528 606 980 773 712 986 643 734 535 777 946 557 962 579 676 983 832 915 984 936 510 657 820 956 
574 574 766 629 567 542 849 624 917 591 513 552 793 539 572 994 760 654 574 671 748 855 657 847 
958 625 561 690 948 906 637 936 789 896 777 822 786 772 830 889 891 503 702 881 564 537 941 564 
950 762 767 965 886 781 581 607 860 666 683 961 663 954 966 976 633 813 570 635 974 902 533 656 
785 585 631 545 550 779 738 841 964 855 624 546 605 606 772 811 562 963 891 614 791 720 951 772 
563 699 673 754 506 865 533 898 879 567 987 741 816 680 707 826 924 556 792 935 740 823 502 860 
666 683 709 931 643 994 881 630 928 552 538 789 995 594 745 948 664 687 824 592 734 786 619 632 
975 870 723 581 999 685 763 526 618 757 913 628 967 955 951 977 740 512 811 786 559 540 678 518 
605 698 831 662 746 788 537 506 557 698 945 881 727 719 529 965 971 894 794 874 717 688 533 883 
932 873 593 746 588 687 710 715 910 890 592 975 632 540 581 842 668 857 826 695 675 743 521 735 
653 594 924 800 816 694 935 569 630 603 710 638 509 566 850 552 794 604 858 527 775 574 693 697 
626 594 839 857 762 883 976 811 732 665 922 521 922 913 673 931 916 855 976 918 548 774 503 968 
745 746 810 803 926 613 902 804 843 598 830 698 840 587 910 600 682 742 722 646 695 733 733 548 
595 986 957 543 503 988 735 843 788 804 824 793 971 592 592 595 583 523 780 553 964 637 882 956 
647 795 835 800 563 511 840 702 956 572 742 984 501 980 543 511 753 864 737 508 695 667 768 706 
730 996 575 785 654 673 764 700 708 653 614 634 985 584 716 894 547 923 703 747 770 632 616 779 
540 624 612 993 547 737 816 504 556 638 766 794 662 701 505 629 651 515 525 842 719 790 857 855 
928 598 765 884 903 954 602 941 884 913 507 847 910 954 777 592 983 575 841 539 737 614 895 536 
725 965 907 679 585 976 787 567 950 921 669 509 622 599 874 793 620 702 735 734 860 743 606 834 
850 960 986 546 891 701 831 724 918 992 742 975 734 522 833 777 509 1000 737 817 545 877 796 650 
949 622 636 902 938 816 940 862 681 981 852 931 666 672 585 523 714 1000 916 649 913 851 885 511 
819 736 641 597 953 771 987 860 707 981 836 697 912 686 863 600 947 883 821 909 895 665 566 805 
863 827 989 727 727 947 664 590 676 843 665 749 552 954 591 821 626 778 519 580 543 686 674 772 
833 980 772 817 975 765 590 998 645 761 958 858 910 868 987 648 721 866 972 795 741 803 534 996 
599 718 687 640 850 981 650 924 504 673 846 623 624 522 641 605 637 555 523 827 584 767 531 644 
710 690 873 904 878 919 801 931 953 728 930 612 880 586 811 935 870 963 709 943 656 962 639 715 
977 940 854 573 534 900 602 882 774 561 584 898 545 634 691 766 704 974 689 893 968 882 689 534 
854 968 824 561 737 606 707 524 632 644 856 703 962 651 898 522 691 599 502 772 812 535 588 753 
834 876 522 555 504 630 590 817 652 939 711 940 658 985 935 846 658 908 932 510 764 537 777 599 
647 814 963 710 506 975 729 773 546 623 872 862 701 987 864 762 507 776 714 739 598 654 643 632 
976 999 754 983 787 733 519 537 502 624 511 602 974 592 963 850 537 688 829 788 860 522 664 744 
966 542 768 828 889 709 652 983 625 725 523 832 601 583 595 665 559 866 663 553 850 819 522 666 
761 847 898 528 634 732 719 549 650 978 663 805 782 804 546 667 538 954 739 994 757 614 930 733 
826 817 675 907 818 907 784 580 693 688 764 518 792 556 595 894 521 523 813 511 713 662 939 635 
802 630 962 655 562 556 673 926 782 704 805 756 882 935 540 639 599 635 556 947 992 893 960 939 
645 826 514 547 569 598 740 535 925 783 584 763 838 857 956 884 647 726 585 962 629 827 757 596 
797 958 617 774 538 616 854 804 958 760 720 785 952 526 919 730 604 550 589 544 689 694 665 711 
640 563 578 664 994 870 849 926 926 789 764 747 649 587 952 584 531 942 799 889 946 981 771 811 
984 690 820 517 767 993 704 996 752 896 651 803 526 725 938 841 708 639 559 912 728 676 827 865 
839 748 806 829 885 633 686 614 933 595 747 512 539 945 760 828 506 921 736 631 655 948 618 807 
719 916 571 634 623 772 720 741 523 824 743 894 611 800 908 737 799 814 730 682 550 518 569 807 
728 867 599 730 959 502 728 555 649 934 643 611 892 802 805 826 657 606 828 711 750 969 807 553 
682 559 786 523 692 976 682 567 806 507 602 526 923 773 610 604 570 935 656 888 574 745 952 773 
512 836 761 760 967 807 642 726 694 728 853 886 966 893 732 784 963 678 971 804 711 587 879 770 
705 602 797 876 951 648 995 789 827 575 987 887 740 675 824 729 730 919 558 992 749 668 693 699 
516 794 562 728 932 725 687 684 686 573 824 863 812 644 996 650 566 719 964 823 623 653 688 858 
730 941 981 953 560 542 657 627 647 863 626 850 899 938 990 809 827 961 830 534 723 962 511 715 
693 516 925 698 509 543 752 745 946 837 921 781 827 616 589 976 664 502 574 630 903 963 811 955 
885 866 512 986 789 947 858 946 929 581 650 557 899 895 986 880 709 893 661 909 650 859 597 764 
771 953 742 951 971 539 508 793 828 891 932 741 921 577 880 919 524 911 725 874 666 517 577 620 
690 659 735 703 567 633 700 631 830 599 659 635 638 922 539 872 600 659 787 763 602 974 709 843 
520 904 812 572 820 992 696 710 670 961 694 980 822 700 588 856 628 976 811 957 708 902 729 634 
887 828 671 974 652 922 537 573 517 867 913 532 777 694 760 794 806 917 869 522 628 746 894 876 
643 796 907 662 521 817 530 930 879 607 843 771 994 883 877 628 937 541 635 616 620 805 703 934 
893 954 637 591 934 887 954 796 810 955 644 978 722 570 796 537 544 769 993 537 919 512 831 704 
792 609 957 676 867 827 736 624 632 823 691 948 690 696 575 908 786 554 974 637 521 641 538 670 
883 672 506 663 853 673 853 693 951 717 995 574 739 599 615 805 894 615 800 866 612 708 802 705 
714 912 868 886 961 608 700 501 705 769 727 558 619 955 518 696 899 985 767 696 920 817 910 884 
990 776 577 646 951 942 680 900 991 580 583 503 685 662 917 674 886 628 730 667 710 685 787 538 
512 528 959 968 826 542 763 746 930 623 746 631 754 915 526 938 534 863 927 816 701 615 783 819 
638 943 578 988 546 947 768 788 812 965 692 871 873 721 662 770 694 859 906 726 632 657 685 511 
543 827 525 713 647 928 618 570 775 556 597 585 744 597 990 768 744 942 787 958 737 703 701 847 
995 590 796 909 526 727 806 578 768 822 582 664 555 714 731 577 977 965 633 606 886 777 660 575 
932 640 528 867 625 749 847 894 546 838 562 750 972 729 599 877 777 994 655 732 621 764 689 527 
555 846 822 795 778 931 935 593 950 798 931 839 536 555 706 868 824 561 522 924 866 827 608 942 
716 801 911 590 966 557 581 655 718 566 855 513 722 822 683 509 586 723 509 735 530 762 790 786 
836 664 933 729 731 762 968 618 580 528 898 537 905 775 780 760 839 699 745 748 779 547 754 830 
607 808 535 547 993 975 779 737 888 517 753 600 981 864 681 576 976 805 808 514 710 822 717 725 
720 539 590 635 532 551 738 898 527 548 812 917 900 776 790 897 844 970 911 624 688 574 873 831 
890 621 745 619 877 840 636 526 858 622 840 971 859 645 740 903 869 554 934 652 586 741 642 549 
898 871 569 559 847 953 564 756 950 839 986 621 894 719 871 754 709 735 562 725 690 522 636 903 
934 571 556 739 506 956 620 594 837 577 893 846 642 700 931 598 696 713 752 979 501 619 601 626 
955 935 707 564 777 768 847 839 566 990 656 861 502 534 743 570 806 973 809 626 712 671 577 993 
841 903 972 855 961 982 624 502 772 564 874 859 961 884 599 546 915 869 802 915 573 625 527 664 
573 987 780 756 914 890 794 980 539 990 545 632 821 549 617 902 588 763 576 704 935 797 690 774 
705 942 919 522 635 939 752 732 798 605 563 823 593 566 829 524 652 993 612 926 683 875 905 522 
859 993 508 936 510 877 758 700 500 641 553 547 788 755 728 811 797 886 979 663 843 609 650 520 
511 884 815 604 965 844 724 744 827 544 808 642 881 953 544 947 969 607 636 615 585 943 560 637 
804 982 676 872 777 646 713 820 688 603 568 802 668 687 990 661 788 553 827 683 894 830 658 597 
649 708 754 624 793 972 915 659 743 647 899 827 788 537 724 740 755 574 820 934 642 996 561 582 
857 521 891 703 808 800 845 707 716 554 909 761 661 935 785 555 989 756 749 696 821 888 909 582 
555 723 821 716 852 739 505 559 736 829 572 649 566 663 751 825 746 513 790 521 686 556 755 749 
635 823 954 958 630 569 775 645 965 987 886 673 644 777 865 891 976 750 945 786 554 739 689 505 
982 724 533 718 879 710 766 924 757 511 634 916 553 731 880 743 662 839 664 662 508 877 923 650 
747 968 864 711 873 887 903 825 601 618 991 502 527 938 885 542 684 654 564 714 768 817 597 720 
887 794 903 883 847 733 969 688 598 594 717 867 601 515 834 900 979 929 995 879 962 962 565 852 
754 766 942 853 569 583 879 965 716 934 713 898 739 976 564 661 727 676 703 566 559 601 887 897 
954 710 626 718 828 702 916 916 591 563 652 705 622 608 523 931 819 915 832 641 707 691 807 535 
746 724 586 996 577 709 697 556 594 852 975 775 842 790 967 614 862 973 533 530 737 814 939 644 
728 989 896 941 981 936 599 612 946 717 969 740 761 998 890 697 965 596 909 705 564 586 934 668 
546 657 645 990 631 982 917 725 607 515 698 533 765 755 910 537 562 623 556 795 755 745 856 744 
892 549 841 576 658 695 982 653 701 520 527 667 694 762 884 903 510 979 960 574 503 690 545 818 
540 913 921 582 512 858 508 734 727 703 993 889 663 980 995 515 726 728 975 576 755 696 682 530 
652 505 594 660 643 805 907 842 799 580 766 965 553 889 551 840 613 946 658 588 755 581 840 583 
632 727 795 684 847 729 821 599 673 877 969 839 906 695 767 887 504 649 697 765 740 553 747 877 
754 582 973 581 514 928 631 589 800 752 579 922 974 724 755 755 904 546 679 632 547 502 525 642 
825 696 981 778 535 743 682 826 674 842 680 752 687 756 997 682 754 849 963 703 875 982 642 818 
632 652 804 542 623 936 979 719 703 865 815 788 768 545 526 847 989 905 889 980 960 624 846 944 
922 888 897 936 788 752 611 791 865 541 680 575 762 783 590 672 619 880 595 583 907 753 808 792 
668 907 852 651 716 929 631 902 904 576 910 543 722 754 527 879 601 772 662 751 922 927 745 509 
860 562 673 973 814 886 672 723 800 964 720 674 805 919 617 550 737 979 875 974 717 685 758 507 
589 642 891 624 660 863 525 710 778 848 633 803 522 703 651 930 863 683 814 500 810 713 643 860 
660 530 773 724 609 743 939 831 598 698 557 796 900 711 972 744 565 801 547 970 991 718 924 941 
983 676 888 635 809 813 894 797 879 553 963 845 800 639 740 757 681 749 671 929 693 734 852 580 
510 628 749 936 880 718 592 542 706 582 895 655 645 623 658 841 835 770 941 965 520 612 628 954 
940 889 821 768 988 855 921 706 771 699 593 750 807 776 932 791 759 576 755 725 689 961 600 993 
969 822 614 804 597 949 638 872 795 506 948 649 896 668 691 646 637 557 726 555 621 766 674 533 
818 889 618 608 606 577 523 800 985 785 557 686 715 992 631 757 746 801 602 522 952 958 697 970 
795 935 847 610 664 881 756 919 774 822 629 691 620 670 633 864 618 682 786 559 688 663 567 666 
639 804 716 958 886 713 760 817 595 778 977 805 536 650 599 916 997 761 696 988 782 898 809 860 
901 502 519 506 720 975 768 983 936 887 865 674 886 643 754 904 817 747 723 673 862 948 866 828 
603 694 755 668 734 900 862 554 927 714 943 765 673 546 680 935 972 782 536 541 864 695 874 547 
935 746 543 909 556 518 731 809 718 725 535 562 974 808 809 814 616 781 980 743 832 621 646 606 
731 595 891 604 720 565 897 670 882 929 515 885 592 981 644 878 746 593 824 680 623 764 630 628 
982 680 552 530 672 578 663 954 603 824 535 595 611 719 949 830 820 724 597 664 760 856 595 936 
631 682 733 731 688 934 541 620 899 914 847 916 620 955 657 827 655 871 780 952 715 903 774 723 
898 838 898 518 943 574 882 781 628 542 966 635 832 528 753 566 863 529 584 907 825 954 740 979 
893 562 910 830 994 666 997 707 527 784 939 941 871 991 875 626 563 902 580 539 637 807 744 907 
760 629 781 742 920 967 980 582 531 657 948 622 965 867 886 812 637 888 923 667 897 910 783 610 
603 685 755 831 868 610 520 769 633 893 515 904 791 584 668 748 754 873 921 968 960 697 627 760 
947 809 999 686 757 591 917 816 517 527 557 662 742 859 882 972 946 588 697 640 840 613 579 537 
985 892 626 778 895 692 580 979 733 552 525 754 834 767 960 789 948 789 706 952 692 582 693 555 
849 589 826 974 752 593 742 980 650 882 896 742 538 749 550 616 587 987 836 919 930 662 727 548 
673 573 838 915 633 924 642 781 944 888 766 726 758 813 703 588 944 511 865 849 766 643 551 559 
687 862 513 524 526 508 936 602 870 740 775 568 726 667 508 661 553 617 502 523 906 823 791 874 
595 961 732 899 842 538 572 944 564 820 641 735 550 554 971 969 885 924 787 751 646 742 932 967 
979 557 912 819 821 953 886 863 634 945 530 524 669 511 842 681 862 911 580 548 641 589 647 688 
998 548 861 639 847 744 674 744 778 661 530 906 973 830 681 611 655 726 890 697 566 558 597 958 
611 614 730 806 918 954 977 834 687 838 963 760 825 953 886 832 516 561 814 934 945 886 951 719 
586 624 806 754 527 616 845 768 985 848 796 719 743 557 938 539 892 843 805 509 889 842 872 877 
544 590 906 926 695 885 814 852 948 542 901 907 989 578 630 915 574 989 552 875 984 890 734 502 
785 945 614 667 922 600 858 847 757 796 905 789 820 928 502 747 629 972 693 756 597 806 800 536 
646 884 611 758 789 547 565 507 534 878 890 913 646 643 757 552 862 956 627 837 830 975 625 739 
642 519 859 811 970 649 771 614 914 871 685 763 841 733 889 939 566 744 680 838 894 631 930 652 
644 595 873 800 903 860 933 767 896 911 506 504 967 957 794 994 800 788 854 710 632 786 693 798 
835 527 839 969 868 983 957 680 730 997 695 843 659 804 587 896 957 516 929 705 952 598 720 899 
704 995 833 862 726 690 753 717 589 608 796 774 910 895 901 553 857 725 660 582 920 931 921 830 
819 858 882 737 560 972 764 945 765 886 735 942 522 591 902 974 631 785 820 685 763 851 573 590 
636 633 618 598 982 788 708 928 664 635 840 895 961 529 774 657 632 907 835 643 523 812 795 513 
591 781 786 612 842 644 798 527 816 885 963 952 871 854 928 719 632 730 769 957 629 781 994 985 
724 567 840 649 601 869 677 953 685 768 940 956 995 888 680 531 555 969 905 704 618 560 532 919 
585 728 888 701 604 824 829 819 999 960 654 649 760 988 646 611 986 878 666 629 772 534 869 719 
679 711 731 925 521 805 705 946 871 936 937 925 761 845 615 505 721 776 639 850 907 618 919 510 
686 717 750 564 688 887 825 669 952 794 573 714 909 969 637 935 594 892 939 956 572 644 879 859 
721 818 886 998 611 949 597 900 863 885 645 736 990 622 586 941 841 770 671 716 910 930 786 755 
873 885 969 668 874 649 609 686 666 518 977 887 873 926 935 773 748 990 741 676 922 796 529 588 
781 580 642 631 714 579 640 524 615 970 921 502 637 928 517 794 826 953 754 883 893 766 601 877 
988 662 624 985 992 869 642 675 940 565 742 739 844 836 990 623 776 982 768 973 722 708 804 507 
834 858 582 929 829 971 946 730 914 570 848 850 735 715 785 791 985 986 636 907 914 668 690 714 
626 553 833 695 654 890 931 685 957 646 613 571 570 849 769 642 804 938 695 562 981 639 957 570 
848 534 658 610 901 599 924 755 518 627 552 890 886 565 877 737 860 919 558 968 997 522 582 723 
650 559 946 529 621 895 561 701 993 851 583 943 908 730 973 515 652 977 740 905 562 526 911 637 
871 987 945 906 750 949 875 903 927 814 642 793 870 698 671 946 680 545 887 642 929 756 979 588 
841 718 856 730 785 790 853 940 746 883 891 821 995 937 884 948 852 684 853 543 535 742 796 657 
728 702 517 592 617 976 712 915 774 826 771 510 881 607 843 797 937 877 863 805 687 659 853 974 
654 765 941 637 778 716 648 788 786 905 653 850 546 813 833 791 786 649 532 567 666 981 605 972 
856 992 946 630 837 667 804 961 839 790 828 610 885 815 904 917 596 748 975 654 981 830 664 886 
620 930 627 905 713 682 712 857 640 523 608 758 779 910 798 773 955 635 761 695 531 764 975 753 
757 853 931 946 639 741 948 761 696 812 750 738 613 764 853 985 919 546 966 862 932 749 704 671 
858 845 574 835 541 825 771 659 995 883 999 881 960 932 622 880 873 865 571 994 745 579 600 551 
578 942 551 834 569 974 964 827 977 641 961 702 663 818 963 664 924 560 955 846 867 975 573 630 
716 593 996 840 539 793 668 922 527 905 574 808 582 815 858 843 581 939 733 710 828 635 756 979 
813 683 636 973 535 639 914 831 764 955 936 694 743 902 688 657 962 963 693 673 745 964 768 766 
543 869 593 532 917 755 646 513 853 635 710 661 656 914 742 757 791 877 572 736 690 749 966 520 
635 988 774 585 985 585 948 600 607 784 891 615 528 761 692 889 923 910 936 581 705 521 906 651 
577 770 620 933 559 536 755 998 617 719 664 990 642 833 786 827 654 780 901 695 740 856 780 960 
852 619 935 704 705 927 774 735 669 544 598 548 646 842 514 812 564 772 948 633 737 868 570 919 
963 712 575 815 882 875 885 823 690 510 954 805 992 864 998 735 648 625 590 655 625 640 679 938 
983 657 723 577 737 874 755 855 984 705 820 839 791 805 844 835 967 986 627 987 981 844 776 888 
896 971 512 660 818 810 925 619 998 795 856 718 824 567 727 634 599 677 754 966 587 797 614 631 
965 614 749 694 935 670 624 960 862 584 878 812 957 655 934 885 613 530 758 800 654 720 572 797 
888 847 978 748 933 687 543 636 981 646 535 724 723 961 637 767 824 532 566 721 952 917 661 562 
982 652 641 930 630 672 836 935 894 756 839 607 800 504 631 583 591 534 886 749 594 657 757 683 
657 957 583 870 653 795 595 793 672 902 788 597 662 847 797 709 892 780 695 845 738 992 801 528 
919 942 660 826 938 541 535 659 602 597 832 639 623 956 532 551 928 998 821 684 934 766 724 867 
651 646 683 666 634 623 661 866 898 768 933 918 551 755 903 740 523 799 873 808 894 555 833 656 
942 643 961 985 673 567 648 753 702 950 982 689 985 612 769 845 541 653 763 904 903 812 932 578 
682 534 696 586 740 748 696 790 612 547 798 720 910 519 625 831 601 667 580 961 658 935 902 586 
703 999 962 600 905 614 605 950 999 913 980 616 941 708 917 513 816 936 553 552 747 535 504 695 
698 673 541 976 661 842 819 592 849 989 855 770 668 966 576 772 818 705 863 996 547 642 660 778 
671 573 849 602 625 694 689 586 901 758 768 692 902 874 526 769 816 593 550 644 777 595 942 614 
676 848 705 796 642 804 716 947 803 771 970 963 587 747 907 908 939 641 769 541 960 878 545 939 
583 595 702 934 549 662 501 718 564 970 854 566 616 514 777 806 608 908 633 718 543 643 974 744 
633 983 924 950 850 526 678 857 532 600 779 849 807 778 527 511 697 901 914 863 924 671 695 583 
524 946 749 956 541 538 557 871 657 911 751 853 785 823 768 725 719 553 827 608 636 522 526 624 
776 688 507 754 855 769 752 960 789 943 689 784 524 811 947 775 807 526 670 711 945 630 974 711 
636 754 735 962 655 955 509 904 756 613 542 843 797 913 920 591 715 571 553 846 603 583 816 669 
763 919 768 522 744 678 529 960 977 875 504 702 784 636 755 931 611 709 978 780 503 837 633 618 
944 629 933 837 819 729 989 505 858 691 567 841 589 580 507 613 903 974 508 681 503 636 575 534 
599 774 590 777 855 916 551 684 724 562 678 520 911 897 706 993 843 966 789 793 654 850 593 820 
811 510 763 826 624 557 580 808 527 885 738 627 632 681 821 951 667 975 662 740 579 522 890 614 
649 906 620 590 639 919 841 759 595 861 692 655 551 545 945 626 521 919 626 716 773 839 850 617 
516 647 548 941 750 838 910 639 658 728 977 547 540 648 947 650 916 839 889 790 552 806 676 657 
784 562 575 540 646 786 563 926 914 550 553 681 846 903 850 641 966 719 775 597 911 846 512 768 
963 703 887 979 518 622 875 883 870 830 784 722 810 623 675 691 666 861 715 648 548 602 772 511 
648 752 688 805 634 784 804 964 725 679 921 603 736 866 506 611 943 582 596 526 782 669 953 802 
507 982 660 674 560 676 981 978 525 801 920 888 678 712 531 675 748 970 696 701 647 521 658 991 
546 537 766 872 806 984 983 748 866 549 863 753 878 726 795 617 928 957 967 724 874 872 598 944 
910 779 651 975 615 689 816 532 866 786 723 855 611 874 935 630 632 956 918 555 553 737 805 874 
966 944 884 875 672 519 881 933 679 817 726 817 696 613 622 616 999 814 840 754 684 917 829 676 
919 865 803 943 959 587 645 572 788 633 552 598 909 930 986 941 883 824 627 815 897 689 641 515 
716 509 696 557 532 971 800 757 836 720 642 986 555 569 755 935 855 561 940 860 579 924 519 915 
973 582 590 774 947 983 629 906 730 683 843 968 950 695 866 904 744 771 976 979 655 902 647 596 
697 941 875 858 592 878 849 973 793 932 651 730 559 747 798 886 958 584 571 928 782 560 689 822 
532 578 525 954 689 749 673 621 686 686 802 530 546 738 875 912 838 789 905 968 700 933 580 989 
791 914 675 627 693 868 845 905 873 539 955 699 974 730 787 517 798 916 556 573 986 539 791 728 
528 656 779 531 851 710 893 700 858 841 721 522 927 767 588 757 996 895 641 771 975 942 814 751 
879 977 625 959 675 920 852 632 968 643 792 744 776 979 908 973 788 520 807 854 582 765 616 698 
950 751 938 513 571 969 712 766 911 960 911 948 859 639 639 562 715 982 822 724 789 888 814 745 
982 605 836 659 867 747 834 788 869 592 941 572 824 903 842 996 778 712 505 609 529 587 825 704 
547 537 875 898 515 851 584 950 875 764 774 787 872 992 625 841 737 797 755 908 743 857 730 882 
532 852 945 827 690 806 943 500 722 830 845 517 662 559 739 538 700 698 923 918 833 684 611 937 
654 653 757 818 548 979 833 886 656 790 984 829 625 506 645 673 749 545 785 675 779 998 614 989 
759 654 680 574 898 932 920 939 605 875 866 945 935 973 808 509 834 739 856 690 662 574 976 734 
651 555 668 819 528 965 628 829 682 940 806 641 891 786 951 514 719 619 802 796 848 607 772 806 
711 733 542 856 938 597 633 505 734 927 656 770 947 582 541 644 698 944 694 878 578 749 642 640 
541 995 858 758 736 736 575 899 665 641 534 654 667 874 735 626 848 946 864 736 715 813 728 598 
897 647 627 935 936 793 734 628 795 589 664 614 825 813 557 996 568 684 602 813 903 934 585 581 
654 625 626 828 921 980 940 947 500 637 553 871 914 880 535 634 647 974 951 558 879 907 820 906 
552 948 560 974 806 546 939 706 893 726 761 575 822 776 572 556 620 630 842 666 700 971 689 677 
977 724 815 709 971 715 993 554 777 906 530 710 910 743 770 705 648 768 839 942 620 784 925 912 
528 980 560 739 988 545 939 655 637 937 989 629 743 584 994 995 694 925 708 541 885 829 532 670 
609 551 943 843 717 991 978 644 922 698 727 963 743 614 893 857 724 743 604 839 676 520 800 932 
814 787 631 946 807 903 929 595 843 666 941 657 986 804 646 535 691 968 587 680 966 738 791 981 
840 821 952 832 852 708 707 732 970 704 943 885 919 867 679 888 554 512 746 745 537 564 550 537 
679 658 873 718 961 543 770 652 859 921 758 590 723 526 605 940 584 833 656 806 900 946 778 890 
856 814 585 966 980 563 785 790 953 841 571 904 597 732 628 934 696 871 943 600 875 560 731 793 
934 792 922 671 630 704 768 893 528 635 762 689 692 561 678 637 567 809 688 584 580 607 593 845 
568 597 888 870 792 622 947 741 917 674 795 963 953 556 504 648 792 894 926 813 582 799 563 635 
829 588 516 633 712 579 585 877 762 639 700 943 625 761 997 957 816 566 995 704 947 789 913 888 
568 879 836 780 859 518 537 579 564 953 898 976 661 685 984 508 901 666 979 913 956 785 777 857 
566 561 680 974 687 572 769 842 747 767 626 591 793 968 735 508 883 943 993 602 724 607 894 719 
708 990 585 943 562 771 598 611 521 776 704 924 508 974 949 747 950 636 569 823 987 933 588 729 
947 882 544 575 595 682 911 509 772 583 900 778 683 585 955 664 716 867 886 788 779 983 706 868 
802 983 848 643 634 738 593 827 733 887 641 556 629 923 886 911 816 594 595 760 789 893 787 746 
634 542 779 908 658 514 933 510 689 735 816 823 793 772 577 684 797 889 986 818 608 530 692 509 
960 862 896 847 839 681 751 894 973 584 930 739 866 932 925 537 530 772 763 760 646 995 963 993 
546 647 664 756 506 911 990 949 985 933 851 626 556 768 978 961 912 857 648 872 949 564 648 886 
538 936 685 986 767 964 537 772 995 763 901 910 756 691 993 962 604 575 593 829 682 822 848 637 
874 829 770 547 542 716 505 581 991 550 544 686 888 839 709 885 542 698 834 973 515 734 733 871 
724 796 608 849 756 878 746 960 792 584 926 668 640 686 599 751 991 934 540 715 666 905 784 551 
724 788 779 814 929 654 827 615 711 855 997 756 866 849 837 837 878 839 806 821 858 783 1000 647 
734 919 870 612 943 585 727 865 991 760 991 988 900 832 740 759 659 783 747 812 928 546 825 553 
884 959 922 786 699 841 512 653 777 861 998 616 519 956 924 811 967 745 933 757 850 934 555 510 
650 894 991 986 940 692 723 794 873 972 880 556 821 735 937 804 799 661 922 680 912 765 952 777 
716 799 540 599 987 923 735 737 527 802 780 972 756 935 612 656 977 588 637 851 800 896 840 805 
868 778 933 992 625 943 844 572 509 913 987 729 573 576 889 982 653 940 841 701 848 870 917 665 
671 709 776 635 898 827 816 539 710 744 888 982 914 624 853 943 589 531 953 613 685 502 539 976 
681 571 848 860 570 548 663 790 534 950 763 629 826 619 756 590 972 683 970 846 551 657 719 587 
936 567 887 981 985 653 885 658 818 805 688 907 928 996 746 962 514 652 720 829 513 966 611 755 
985 822 959 557 591 624 935 668 535 916 771 849 984 844 571 687 588 615 722 583 843 729 695 584 
696 896 685 520 867 680 658 559 536 510 991 883 636 855 511 836 637 976 891 527 807 765 950 960 
603 855 556 935 916 770 942 553 567 524 880 794 546 711 767 775 627 730 830 898 604 943 740 738 
529 660 599 640 959 1000 850 626 826 771 802 824 695 661 586 771 780 648 978 562 720 655 666 933 
746 622 630 504 989 759 964 534 798 910 578 641 590 540 839 603 834 519 848 943 940 983 653 663 
921 670 866 574 836 777 705 841 630 989 702 944 633 972 842 918 598 717 611 830 765 799 992 592 
589 682 618 836 889 869 873 691 777 798 911 931 889 520 624 599 529 821 779 814 988 557 611 626 
912 632 842 863 720 632 655 595 698 783 843 910 523 519 935 872 596 557 729 602 680 528 817 613 
975 804 780 586 880 819 855 957 821 787 546 775 640 848 711 927 684 803 826 952 834 717 757 790 
858 811 944 940 588 655 599 614 547 840 580 615 781 901 769 786 769 904 894 992 914 727 847 738 
748 693 704 643 586 848 753 616 537 773 962 696 831 984 969 669 634 562 771 663 566 806 926 582 
827 817 713 845 907 533 818 519 533 895 717 577 585 910 597 620 868 524 729 538 735 842 880 703 
703 847 932 908 787 909 540 921 961 983 761 590 722 534 714 627 897 853 971 772 943 533 986 688 
613 528 502 563 1000 815 500 506 565 836 890 965 932 973 737 503 796 500 985 920 968 516 724 796 
670 531 707 690 841 993 912 837 828 645 610 813 960 766 981 759 638 945 989 896 694 665 814 668 
883 623 790 983 526 795 904 652 926 928 563 751 802 728 922 735 624 652 725 794 855 847 722 540 
717 883 854 732 738 573 509 911 961 777 803 894 811 737 939 732 744 593 843 847 946 853 885 707 
937 754 622 989 595 517 637 845 734 670 658 981 962 718 765 896 729 574 641 756 541 775 912 995 
977 640 780 860 767 675 760 761 791 600 950 872 524 557 920 603 527 645 885 651 766 574 996 975 
605 832 674 671 503 916 568 842 517 768 802 677 889 714 857 598 568 802 993 927 685 585 809 691 
608 991 600 763 818 581 852 703 997 585 793 759 815 769 580 630 558 771 800 705 838 709 608 627 
766 946 939 663 589 573 853 949 921 745 710 863 817 661 987 849 563 601 674 670 695 549 816 687 
865 558 889 885 804 642 829 986 772 611 643 627 978 864 678 696 618 815 732 544 761 734 821 919 
983 899 543 603 727 600 601 828 538 663 680 713 909 752 987 549 624 885 895 922 592 680 752 748 
814 994 559 956 712 733 809 666 720 762 944 820 622 909 986 871 778 769 540 749 971 546 965 952 
776 877 683 724 933 650 650 928 860 978 724 824 560 622 704 607 786 755 502 661 990 620 513 651 
652 715 859 638 770 819 829 599 867 736 961 792 532 813 822 588 607 883 668 966 791 906 823 539 
513 741 691 563 600 549 980 539 860 519 818 623 813 670 589 684 983 665 916 991 714 643 854 621 
671 754 502 805 753 654 816 557 808 892 600 570 650 705 705 955 998 887 652 560 604 515 973 703 
924 937 726 801 864 560 740 978 695 590 776 884 917 509 927 564 930 711 693 853 528 799 796 883 
828 734 917 936 901 603 684 975 972 913 837 839 693 947 642 681 623 850 744 885 648 707 761 793 
749 543 583 726 583 763 912 890 538 697 756 881 990 534 672 648 651 551 718 867 503 663 659 844 
957 976 627 645 970 589 552 817 512 592 791 657 886 766 533 636 513 650 662 689 947 773 896 724 
998 929 634 815 952 565 589 681 530 905 884 666 826 621 926 568 612 938 514 789 1000 727 719 898 
597 722 746 830 904 662 589 571 828 758 907 792 821 516 701 529 764 586 970 637 851 905 668 854 
849 550 893 953 739 835 884 576 860 811 504 963 812 945 529 937 994 895 685 604 777 906 993 860 
943 996 610 946 633 701 986 869 701 804 774 683 943 560 557 716 865 600 578 958 713 775 797 969 
662 863 706 768 645 665 964 798 973 651 558 697 982 935 779 713 584 997 977 732 733 671 646 522 
929 571 526 908 500 731 550 726 568 863 562 528 664 781 876 630 652 630 866 725 690 720 900 909 
621 864 560 591 787 751 707 874 894 525 585 644 684 837 780 694 788 792 969 872 762 811 519 830 
932 583 648 612 803 870 924 914 909 592 585 998 597 713 708 840 890 592 938 752 660 576 586 806 
503 757 527 547 815 903 982 568 687 751 847 702 884 914 912 638 780 838 885 960 740 817 796 695 
602 752 981 589 974 905 933 954 766 591 992 571 916 806 910 727 976 980 501 618 777 616 679 956 
569 741 827 765 642 682 561 936 532 846 583 797 587 771 924 503 762 872 535 756 640 889 778 921 
814 736 505 776 874 986 554 731 884 942 579 998 843 805 802 797 769 594 859 820 639 627 560 811 
581 931 513 716 809 656 652 507 931 623 883 901 883 797 654 820 861 597 879 560 763 574 794 762 
753 613 930 919 719 945 512 743 979 875 732 889 757 759 955 603 542 896 547 544 590 602 642 598 
942 890 792 678 967 786 550 588 540 926 691 688 627 738 878 686 646 600 713 547 599 519 735 606 
610 979 565 597 624 749 997 968 632 557 985 924 934 663 592 813 567 984 578 570 641 567 959 564 
970 805 957 817 992 935 928 699 615 977 931 806 729 895 778 879 766 892 987 731 818 863 712 774 
922 678 830 870 783 565 514 854 801 511 713 692 903 706 624 879 815 696 822 791 521 525 889 842 
780 768 956 908 716 502 739 625 603 857 757 776 583 947 533 605 722 573 741 549 876 741 833 960 
517 657 872 559 761 964 849 944 967 653 945 654 934 664 808 851 788 842 506 867 847 527 503 947 
810 697 577 664 794 681 753 600 838 610 933 519 615 894 549 866 754 622 669 576 750 921 620 782 
601 941 825 637 919 735 667 614 902 959 804 728 650 906 531 807 972 550 840 1000 924 871 528 895 
958 876 766 704 684 846 709 610 874 967 830 504 952 631 794 952 864 815 811 864 805 561 532 962 
957 737 681 765 967 839 730 944 557 757 568 505 760 529 713 907 916 752 770 830 669 922 948 943 
852 618 563 639 762 561 605 828 940 704 558 527 727 646 775 564 953 761 864 901 773 593 632 635 
779 663 793 932 629 976 747 713 581 639 863 582 924 615 844 574 942 780 854 964 658 560 722 963 
739 558 665 783 553 711 598 668 518 617 710 603 996 839 630 552 590 575 621 700 866 738 861 781 
623 600 502 736 950 783 835 516 967 504 972 527 733 619 641 804 966 598 763 625 802 749 628 929 
506 569 621 992 597 766 544 966 549 625 746 500 791 969 849 788 906 658 538 510 516 632 952 779 
989 671 890 783 711 656 624 506 811 725 779 968 827 874 829 592 959 654 906 925 640 740 736 544 
816 798 638 626 935 662 651 787 762 999 989 883 790 730 619 655 607 624 917 658 730 590 961 586 
526 842 651 708 986 698 972 767 711 934 831 800 623 732 550 993 525 858 687 768 768 885 502 975 
884 837 525 637 713 809 762 854 627 715 756 590 617 943 796 673 621 830 728 506 577 991 923 549 
858 653 600 831 808 788 810 803 782 945 525 531 682 814 897 799 606 686 873 871 885 590 986 728 
861 512 756 778 926 731 766 610 937 932 606 533 766 879 998 736 859 551 541 539 803 785 636 831 
543 568 793 926 970 782 616 662 798 788 925 733 693 902 567 848 809 905 603 917 965 883 702 640 
854 797 660 946 774 819 626 890 514 594 715 722 649 707 825 982 613 763 593 581 563 627 570 971 
649 956 781 626 951 829 505 672 957 879 700 641 583 946 650 954 862 930 511 830 557 612 582 995 
569 854 730 640 648 719 541 736 532 660 885 916 766 564 706 789 570 563 978 630 781 640 897 561 
961 690 989 945 959 822 954 818 776 805 687 858 752 695 533 963 697 800 978 672 710 768 579 771 
578 702 569 551 744 840 726 822 980 953 661 897 508 754 868 893 956 706 958 820 640 793 651 556 
811 881 713 926 610 971 644 730 608 749 579 693 939 962 932 935 650 780 509 672 517 929 878 507 
709 503 950 771 796 987 821 514 735 646 590 869 580 568 933 629 798 775 905 510 688 917 510 703 
529 724 747 922 722 993 932 804 781 520 743 627 699 504 552 948 791 591 731 871 792 835 751 797 
567 984 503 635 938 625 924 550 769 854 592 986 545 732 635 802 825 969 861 994 578 835 702 598 
526 982 639 990 740 943 945 945 870 725 656 898 522 532 869 534 881 762 527 901 867 582 518 908 
670 968 536 680 687 758 745 844 981 872 966 997 502 977 669 681 975 516 734 842 927 622 541 865 
998 587 563 919 784 653 800 936 585 559 969 714 565 847 538 729 951 610 779 883 513 947 649 527 
722 550 964 734 561 940 897 920 646 522 513 526 882 737 656 618 547 719 603 858 802 991 582 968 
755 864 822 879 824 807 952 931 788 717 696 587 515 598 924 757 505 838 750 954 995 829 982 623 
503 879 884 627 806 910 793 967 501 635 790 970 871 972 745 787 958 617 663 671 829 800 906 634 
675 892 974 694 977 640 661 574 639 937 529 803 570 666 761 839 850 768 583 912 739 829 566 948 
885 578 755 531 763 850 687 521 944 649 983 521 961 613 827 558 644 779 788 946 933 687 525 916 
784 975 583 748 927 754 588 743 859 669 777 501 556 674 937 618 554 694 930 999 630 938 634 650 
975 786 715 918 852 773 830 769 868 843 912 821 619 632 885 991 572 715 720 722 695 830 917 870 
962 748 599 502 982 571 517 918 624 857 928 893 660 621 895 721 519 856 701 790 942 867 698 520 
883 817 523 653 680 527 748 983 611 685 659 732 591 745 961 949 884 922 879 872 840 832 682 864 
772 907 853 650 736 900 697 676 583 863 841 594 790 640 674 937 693 546 939 729 880 987 768 859 
612 957 617 702 784 932 658 573 542 814 811 742 820 726 753 848 663 545 809 694 847 726 826 507 
912 556 689 889 879 637 816 808 997 502 556 591 561 887 561 523 892 837 826 772 754 905 698 974 
577 878 810 971 983 538 991 772 758 638 848 982 996 859 833 519 825 671 737 621 683 617 668 705 
799 692 715 825 610 585 593 563 509 710 737 826 908 543 876 637 762 931 806 663 782 659 656 792 
745 676 597 767 872 514 559 939 919 569 634 882 733 510 995 711 638 741 762 560 670 933 875 844 
769 803 675 991 693 901 500 518 534 835 734 910 821 953 880 893 852 644 840 835 508 541 719 609 
906 538 599 890 926 649 831 990 702 868 550 945 860 819 724 698 863 593 672 853 964 814 615 597 
910 598 957 503 627 668 607 569 780 550 773 960 703 887 805 541 826 504 775 937 852 540 594 955 
561 533 625 839 740 993 844 957 878 632 744 644 853 528 791 533 518 627 880 864 668 621 843 849 
515 862 713 829 942 592 550 553 883 897 765 564 860 918 516 776 784 980 856 978 786 922 962 589 
939 529 859 654 890 614 735 668 518 888 506 950 875 923 974 911 777 596 989 693 568 567 709 762 
664 928 615 696 629 824 631 989 682 948 755 862 609 937 788 667 723 837 844 608 628 916 949 618 
643 730 680 877 915 983 898 550 825 828 771 979 955 906 900 664 979 521 982 513 998 983 589 950 
923 788 730 609 682 907 534 948 606 601 976 767 515 786 722 714 614 612 771 513 968 545 722 738 
914 844 594 638 932 980 768 566 584 657 745 772 785 697 521 880 779 730 535 531 818 694 745 785 
681 813 521 501 774 845 670 546 692 991 543 794 752 514 768 529 608 717 815 943 717 568 706 609 
525 872 801 870 871 535 729 765 745 575 656 687 643 648 705 646 905 527 955 579 529 535 606 834 
597 614 973 514 554 803 652 562 729 531 767 530 588 765 890 641 862 669 804 863 777 553 934 840 
794 525 886 645 834 880 642 967 626 878 631 932 940 697 956 917 559 978 746 822 512 981 673 907 
687 514 848 890 574 929 885 684 521 582 592 714 997 787 846 929 999 940 840 724 844 572 515 614 
733 764 629 636 580 938 512 571 743 685 698 710 895 934 763 509 929 833 795 597 882 909 559 744 
523 651 556 505 833 798 787 877 786 737 660 956 894 565 597 678 685 937 551 866 827 527 725 932 
808 966 948 705 643 828 760 979 766 796 909 995 834 803 566 721 832 558 691 876 979 980 639 821 
563 713 660 511 952 985 639 873 664 743 999 570 994 578 835 758 830 607 968 539 899 592 736 975 
834 713 959 616 556 507 639 660 595 662 599 933 611 919 851 572 983 508 659 854 978 651 839 778 
612 781 503 617 973 762 548 794 868 535 840 538 803 690 649 933 925 659 527 560 669 789 954 604 
996 708 666 871 725 520 763 825 570 995 753 863 658 517 877 677 885 714 625 660 622 807 539 976 
892 815 957 985 781 923 548 895 945 906 553 599 724 651 799 789 991 925 694 580 980 682 991 979 
984 817 780 674 903 891 765 738 794 993 516 975 659 524 511 735 847 800 908 695 585 520 607 681 
753 753 800 755 653 722 818 931 670 798 710 957 794 740 631 795 658 830 717 991 836 697 762 797 
764 733 649 515 809 628 579 645 594 694 812 575 845 757 709 652 625 521 531 595 961 936 560 866 
501 742 721 699 933 956 526 651 565 714 778 624 546 515 606 978 877 501 503 943 946 576 704 666 
971 768 829 888 860 860 852 828 596 951 603 993 923 742 600 780 691 931 658 815 868 782 841 645 
853 988 940 992 828 652 801 918 537 761 930 876 994 706 955 735 739 992 618 502 897 940 621 595 
923 767 771 625 533 596 970 790 931 541 758 603 617 660 716 790 623 674 665 847 689 999 732 829 
516 733 966 610 830 895 829 951 649 815 985 848 746 717 970 758 938 639 916 919 956 992 654 616 
767 649 634 856 850 609 720 560 566 888 560 974 849 924 833 664 624 896 823 554 931 506 883 607 
891 864 969 862 770 772 570 695 510 812 971 740 734 766 903 597 847 537 788 534 993 836 877 525 
741 571 724 602 992 942 574 622 756 917 831 647 531 871 938 813 663 790 612 633 710 580 972 849 
902 635 782 534 985 945 607 814 793 661 814 656 582 641 503 836 722 640 541 798 525 924 517 752 
570 724 561 984 529 550 593 974 628 534 680 533 992 585 833 820 743 757 664 701 865 867 985 542 
956 523 531 665 620 846 612 809 876 788 653 570 586 584 675 902 534 995 896 923 895 630 799 854 
984 742 563 560 785 550 961 807 878 726 887 937 526 846 844 812 790 701 822 511 690 514 629 844 
514 705 882 947 551 503 946 764 609 801 781 907 831 803 758 992 923 592 618 660 564 942 916 635 
855 745 863 789 825 612 643 813 610 792 896 710 563 697 677 951 676 942 834 784 799 934 859 765 
804 663 921 754 933 979 875 711 710 779 703 761 919 603 937 636 774 840 764 695 541 789 626 887 
970 506 749 617 562 967 669 615 781 694 946 523 972 646 881 551 855 756 663 677 605 684 538 971 
642 907 652 784 871 954 919 627 775 686 831 732 836 649 775 873 929 674 563 676 928 984 968 760 
919 739 724 692 995 537 539 823 790 537 824 767 977 984 944 827 632 542 929 868 941 977 720 722 
895 835 626 840 723 912 818 551 927 915 793 883 937 847 869 557 507 781 916 862 593 800 613 759 
613 518 700 697 570 702 759 715 674 670 738 578 715 735 518 757 560 612 969 768 785 815 557 919 
556 705 692 729 519 970 631 827 578 955 876 833 555 854 634 792 867 951 520 900 967 661 829 856 
927 813 808 816 664 676 995 546 944 913 818 985 898 724 758 583 948 607 530 857 630 753 834 793 
949 741 874 785 513 820 953 977 825 673 589 969 736 714 710 984 683 559 624 722 972 968 579 738 
966 659 838 823 700 523 860 974 537 914 748 690 623 776 798 922 510 535 581 650 962 775 622 705 
559 862 870 520 853 804 764 687 964 741 850 779 603 614 995 525 652 666 903 572 566 545 740 677 
959 945 804 787 876 787 816 620 894 625 509 962 786 540 840 515 631 942 752 783 879 811 566 583 
986 532 681 898 881 609 895 933 635 666 801 820 840 774 803 597 818 747 959 655 917 710 951 519 
773 830 633 917 533 753 712 749 669 904 765 665 636 930 880 595 757 696 899 724 818 868 790 973 
526 740 863 739 556 588 627 719 585 963 749 801 804 948 648 605 532 545 948 911 700 973 578 805 
560 784 976 522 638 831 942 575 552 744 855 906 945 703 550 879 912 908 792 611 924 788 929 724 
875 602 899 736 504 711 909 951 565 943 726 797 757 566 647 732 530 546 831 917 522 855 816 518 
516 752 651 596 892 566 720 692 732 626 929 815 810 650 589 686 844 967 928 715 530 634 787 790 
958 590 707 613 688 631 703 926 843 626 683 590 734 990 559 622 636 587 753 911 973 838 900 944 
782 947 706 534 970 770 999 630 969 997 690 936 570 922 939 684 787 711 973 529 770 700 623 667 
883 885 760 896 710 885 955 954 849 786 798 622 521 897 939 683 594 579 541 941 791 936 962 674 
957 761 604 968 881 784 993 539 803 872 777 763 864 977 962 755 858 717 823 975 817 644 555 944 
524 855 843 812 730 715 691 598 939 614 921 595 771 790 920 520 520 864 832 641 669 891 990 716 
737 813 544 727 951 861 844 989 882 566 765 878 793 649 790 992 569 710 795 748 739 746 592 985 
720 656 925 815 519 511 737 547 792 508 633 671 739 633 624 992 985 691 826 631 676 995 930 744 
689 605 892 928 937 675 897 910 916 540 790 736 729 844 792 814 972 612 939 774 990 797 796 738 
610 964 665 738 631 889 561 606 921 990 937 819 641 608 691 892 716 819 659 541 802 535 905 961 
637 822 753 688 763 957 613 639 759 886 802 559 730 866 671 714 928 702 978 799 515 601 562 663 
584 823 532 566 697 885 747 819 819 746 574 772 641 502 940 751 927 745 906 661 634 870 558 599 
682 742 653 959 877 752 598 607 610 926 940 863 593 863 681 623 995 909 872 602 994 617 526 790 
865 629 563 834 856 774 591 705 727 791 958 616 962 714 649 775 775 559 711 716 654 622 525 531 
844 775 857 992 741 803 765 645 847 942 535 608 527 893 977 907 946 727 509 831 693 714 595 900 
712 728 737 655 795 520 817 636 521 762 743 503 622 890 966 896 937 919 533 768 664 502 528 521 
829 635 808 924 941 564 612 911 978 527 737 972 949 629 581 984 915 755 514 966 959 553 612 829 
749 644 976 869 932 849 924 824 735 828 511 987 795 682 936 954 817 656 523 737 831 752 597 587 
920 624 688 991 921 829 633 951 721 564 762 750 910 674 980 569 658 863 693 905 824 603 631 903 
923 938 770 817 703 942 658 941 700 738 585 988 795 633 668 505 874 502 532 555 862 722 914 1000 
995 551 610 865 845 997 849 875 711 830 775 884 641 514 844 542 950 982 593 680 745 769 828 990 
580 679 933 743 995 758 607 866 810 978 970 878 688 686 606 751 578 942 728 937 803 565 783 898 
669 772 930 617 583 952 968 671 827 724 887 605 729 584 874 940 600 521 695 791 963 655 535 686 
670 550 974 815 690 982 916 549 919 572 913 695 531 819 946 596 987 691 855 782 963 556 727 532 
561 857 688 802 821 572 662 626 648 617 782 715 912 967 768 579 594 905 724 670 989 947 896 614 
578 578 604 780 838 598 641 506 851 986 599 977 725 802 667 826 955 803 606 703 957 544 706 636 
685 874 670 674 799 868 985 891 531 835 969 982 505 716 821 795 859 743 590 768 715 922 649 865 
579 981 856 735 957 581 712 942 547 677 958 730 511 583 684 920 959 890 625 667 889 518 965 916 
971 815 598 524 668 737 893 657 819 757 661 668 947 804 643 813 661 618 952 767 651 582 536 543 
915 655 844 527 956 724 531 987 833 756 607 509 572 799 636 974 554 982 632 780 639 808 1000 674 
902 628 944 639 982 853 913 963 666 547 771 678 977 687 503 742 615 501 908 919 784 915 833 956 
503 768 633 782 681 581 691 571 807 777 915 637 772 905 791 763 954 503 679 680 796 906 656 547 
784 884 866 893 800 670 919 628 996 504 543 835 927 512 800 693 835 793 806 505 563 777 510 915 
761 994 743 549 593 540 824 915 861 655 688 536 521 939 580 919 736 873 522 565 701 910 850 881 
637 573 780 957 931 559 541 805 578 542 802 777 652 928 661 520 692 989 684 926 516 905 514 671 
566 864 777 580 562 522 569 649 821 703 988 694 753 904 752 739 668 736 623 841 623 601 910 719 
713 511 537 637 788 570 701 662 736 793 830 987 570 542 657 695 715 973 836 915 976 545 674 966 
831 744 670 727 793 799 668 558 713 803 568 750 543 775 663 614 665 814 778 901 553 634 549 922 
638 888 749 837 879 809 764 691 674 834 868 940 846 985 650 795 602 926 999 871 950 717 735 717 
711 936 565 968 871 943 682 948 658 691 939 709 840 638 674 589 870 887 870 518 634 865 959 915 
678 930 720 646 913 957 828 638 932 540 744 877 680 610 764 624 865 873 667 826 603 597 517 822 
931 912 820 555 939 897 846 642 887 876 557 774 830 945 695 538 856 892 740 878 704 792 534 552 
632 689 513 550 539 896 628 557 967 562 619 709 737 814 980 956 595 846 533 530 864 528 697 590 
744 661 625 792 993 674 529 597 882 678 636 817 918 900 833 977 955 651 695 722 971 632 710 612 
850 961 637 770 706 971 567 994 856 933 872 536 693 985 853 904 856 674 546 661 669 650 716 799 
505 668 763 935 807 674 835 649 648 897 590 956 842 969 680 989 717 730 628 628 811 518 941 915 
872 823 865 725 650 877 880 791 625 792 592 801 908 577 864 914 701 901 608 668 817 665 811 874 
883 520 980 711 980 636 820 880 598 600 596 778 911 513 719 786 985 911 776 905 694 814 789 569 
699 804 669 618 502 663 910 519 707 737 714 565 725 798 883 881 816 823 884 730 959 715 677 697 
684 634 989 976 611 707 842 613 577 538 780 667 858 548 858 885 602 795 590 622 728 570 648 838 
681 668 786 649 527 873 517 533 517 808 762 904 894 942 769 896 783 655 738 843 705 897 743 535 
808 603 598 985 594 638 526 531 998 687 535 773 836 630 587 918 739 535 742 756 835 588 588 632 
540 837 903 851 982 798 615 654 661 584 732 938 618 829 586 614 977 824 806 532 862 896 585 600 
829 685 957 792 547 608 861 917 614 914 957 597 518 861 759 559 853 684 749 968 549 623 824 631 
504 926 980 558 604 865 825 972 760 914 587 976 730 878 955 745 579 881 673 693 797 741 958 723 
701 897 940 776 854 671 921 529 908 763 913 702 844 528 1000 586 761 677 723 500 939 701 812 524 
581 913 679 984 720 646 760 782 912 771 891 796 988 807 517 677 720 543 698 550 920 691 951 670 
583 747 639 794 843 824 710 588 608 879 724 552 873 858 741 557 850 930 752 705 657 569 972 882 
949 925 932 940 984 990 933 639 765 728 553 540 1000 951 532 716 750 858 946 743 793 747 772 564 
797 587 501 948 583 708 633 900 835 539 984 977 773 907 876 617 904 570 895 692 614 763 528 648 
970 658 634 675 734 785 787 535 726 561 711 742 771 711 597 955 626 997 755 545 872 784 656 947 
911 590 569 992 806 928 587 597 863 826 996 754 930 563 544 931 557 791 814 604 773 809 983 756 
837 912 949 829 983 839 857 710 785 979 726 980 878 623 996 770 931 668 922 694 863 807 895 958 
933 853 865 855 957 1000 688 509 517 913 837 825 686 686 539 741 878 825 523 515 578 542 709 878 
838 764 755 530 528 893 549 581 979 975 814 644 768 558 664 937 516 657 523 859 706 843 500 642 
654 626 889 790 866 921 610 655 685 982 550 632 699 864 837 544 568 553 765 960 998 555 673 789 
749 852 706 601 682 753 548 799 962 805 795 843 681 545 785 875 769 994 844 724 694 942 980 879 
590 666 745 648 549 870 560 862 964 765 951 580 928 799 760 897 798 726 515 579 704 767 779 861 
852 792 921 897 641 548 855 928 714 592 968 924 697 711 515 516 504 742 952 705 700 819 751 939 
572 710 895 781 626 526 868 510 927 706 574 625 743 816 757 856 656 824 601 894 864 624 840 685 
575 722 796 771 966 619 938 754 871 551 617 629 913 859 821 800 980 913 879 782 544 605 668 666 
942 585 533 564 877 516 713 897 511 755 734 983 664 994 810 523 730 529 964 712 569 919 668 811 
759 963 950 659 695 523 521 716 679 845 633 861 735 665 958 788 541 513 939 968 974 740 685 785 
891 931 587 547 907 987 965 740 539 782 712 973 720 933 966 732 815 832 525 646 879 736 803 617 
553 811 777 793 579 670 987 958 573 561 770 593 810 993 557 913 888 700 665 890 780 976 636 828 
905 556 846 728 951 802 654 785 859 619 574 975 934 629 1000 855 737 758 696 766 998 529 850 806 
930 956 648 537 940 582 913 517 880 816 514 885 566 851 854 844 964 578 875 504 531 512 642 694 
851 912 711 955 795 863 569 556 613 723 607 519 935 989 691 730 813 721 997 873 573 811 954 520 
826 517 716 853 664 778 729 622 654 980 594 540 892 956 527 979 976 615 859 933 932 756 646 831 
679 703 574 948 822 557 974 724 628 967 886 998 692 965 735 723 927 500 817 904 614 979 894 586 
911 710 857 884 802 781 996 631 625 536 601 874 930 932 670 569 538 680 694 929 812 709 566 540 
751 607 813 951 688 827 958 596 931 560 957 503 880 812 774 904 736 846 782 948 548 763 803 886 
981 640 736 669 815 754 820 583 780 550 743 621 504 635 889 955 934 710 683 961 734 971 585 904 
800 633 926 509 623 872 899 740 897 580 657 790 859 972 556 853 500 706 761 905 884 793 512 849 
971 714 996 981 928 760 881 882 570 780 720 953 667 596 519 941 511 501 919 925 734 878 554 852 
501 596 777 862 846 964 567 721 509 645 551 861 790 583 716 595 535 576 992 754 521 802 523 569 
601 683 567 786 621 643 588 601 736 903 727 632 870 595 974 787 700 620 972 984 676 760 522 831 
684 725 976 975 622 898 836 979 757 703 995 682 867 615 687 654 794 983 834 956 664 939 603 548 
642 807 614 835 736 543 869 915 768 865 578 786 765 857 711 825 653 952 707 530 743 828 902 617 
659 885 879 687 931 564 535 813 648 945 825 518 681 629 729 735 572 584 641 980 875 726 501 571 
808 647 590 872 715 523 572 657 980 863 961 809 630 874 833 707 513 860 719 769 547 680 746 746 
674 933 713 984 766 642 917 508 855 848 674 895 705 660 587 526 833 896 765 950 748 621 800 689 
773 977 935 976 960 834 502 997 717 945 810 881 910 851 800 770 806 977 899 939 861 935 657 570 
990 698 831 900 560 923 753 572 979 839 905 688 903 726 776 637 668 648 684 922 703 722 881 848 
813 828 882 518 818 798 576 749 684 740 812 625 897 779 782 531 956 623 622 638 984 997 817 937 
590 580 584 543 729 761 552 609 942 587 682 836 969 964 988 648 872 760 749 784 914 581 521 626 
574 653 903 753 695 815 607 805 902 810 529 878 527 630 627 808 932 845 564 798 726 932 654 998 
504 781 827 742 850 638 907 812 507 915 653 673 685 889 625 796 650 946 566 778 854 659 612 604 
961 615 766 532 789 999 713 687 785 627 649 589 799 682 953 957 507 579 634 763 519 985 613 636 
768 655 543 826 957 865 967 578 918 848 767 897 907 778 952 779 946 940 995 654 972 892 509 858 
661 506 731 634 949 939 845 732 847 681 866 850 829 963 873 748 658 947 547 505 649 709 573 528 
504 691 593 520 964 902 529 758 664 769 714 653 678 676 889 687 898 853 774 943 984 889 997 583 
779 785 858 736 668 579 952 894 530 699 881 541 523 823 836 856 580 668 506 963 624 725 874 820 
618 610 597 973 717 807 761 520 879 716 985 749 964 537 910 556 916 647 774 855 807 755 888 829 
608 744 948 996 686 732 756 678 659 508 525 603 869 631 601 977 826 598 518 502 653 608 980 934 
638 598 930 904 660 804 543 845 851 797 566 990 511 979 580 555 890 741 876 808 599 538 738 875 
522 800 609 766 729 709 665 698 523 505 515 947 868 598 828 576 577 898 834 503 760 897 754 503 
662 656 854 883 642 985 944 646 668 727 747 642 834 665 713 787 515 736 966 574 934 800 699 720 
989 910 944 930 871 585 805 851 577 767 825 967 579 722 804 753 534 825 514 573 521 725 874 924 
940 580 765 724 834 626 811 511 986 997 564 520 828 822 650 721 751 770 572 556 602 811 982 705 
718 608 861 866 519 577 675 633 772 772 693 701 790 863 781 735 933 645 612 888 922 583 862 540 
582 563 570 514 780 638 991 572 917 663 863 699 501 865 675 751 897 998 606 688 534 877 956 751 
925 676 517 532 523 557 932 561 514 757 745 596 821 933 953 501 689 674 992 645 848 700 739 946 
882 923 693 764 570 637 678 998 551 763 987 853 840 662 539 872 800 691 743 960 844 781 869 733 
722 932 883 684 913 684 800 734 736 694 747 917 945 726 546 519 662 945 770 662 688 557 813 919 
774 955 694 679 639 641 882 614 595 854 592 715 791 917 626 993 682 966 928 565 509 858 689 972 
636 645 925 704 757 665 598 516 611 895 979 765 935 860 543 617 551 998 871 580 581 518 583 977 
915 911 528 563 688 891 523 646 641 683 586 668 873 680 726 862 595 638 993 677 665 690 579 852 
753 575 926 572 653 639 904 835 873 737 740 730 740 849 525 977 906 794 725 706 765 589 773 558 
885 603 916 842 734 802 655 586 558 972 689 954 914 979 953 624 502 702 918 853 529 930 990 566 
981 642 923 947 833 685 830 622 779 516 972 665 781 801 642 755 778 759 579 974 571 804 990 826 
520 630 849 711 786 526 805 690 507 836 630 511 910 583 770 504 981 928 700 551 947 746 880 983 
948 713 768 881 902 958 939 863 684 928 515 588 878 739 710 821 979 945 932 531 532 735 507 603 
866 730 715 915 637 660 950 594 589 825 950 941 515 881 650 613 552 600 857 785 571 895 563 642 
511 516 820 659 700 948 769 779 747 667 977 702 794 549 931 632 978 825 604 952 618 623 668 925 
757 761 546 643 794 558 607 559 606 587 953 591 644 897 860 875 637 857 558 901 654 918 673 872 
907 689 758 758 785 863 997 637 761 658 743 552 909 550 738 721 916 703 923 576 596 640 925 725 
519 801 902 557 519 783 556 838 955 660 760 768 719 920 865 588 633 681 869 971 975 964 766 533 
511 934 520 936 547 638 717 677 609 906 596 794 521 692 762 821 751 763 537 969 517 772 992 634 
804 878 866 939 512 679 684 672 646 887 503 577 520 766 864 603 622 995 631 824 886 735 537 888 
738 817 866 943 941 572 853 668 838 976 969 596 768 877 933 602 520 724 858 510 828 830 629 917 
539 823 674 968 700 564 957 905 943 955 638 882 678 660 945 630 699 891 965 695 986 557 665 593 
551 677 570 862 849 586 685 592 871 596 826 665 676 906 694 547 738 639 621 603 606 582 552 528 
511 745 963 618 665 554 512 731 634 565 884 895 782 748 870 671 924 985 894 994 920 580 782 819 
608 672 729 566 566 604 513 948 831 886 657 895 832 551 853 940 909 808 574 520 920 513 961 790 
568 640 652 687 694 513 882 564 916 719 787 887 618 729 983 574 906 896 595 714 802 597 572 992 
529 941 707 811 910 569 936 685 998 707 611 644 683 754 547 988 670 816 795 854 814 710 702 702 
947 613 940 940 946 619 834 526 922 633 908 526 525 614 739 714 504 843 780 950 761 991 990 668 
785 893 696 944 961 570 762 755 889 643 741 631 959 944 840 562 559 702 628 615 922 871 548 870 
734 733 935 890 758 564 847 571 854 785 639 839 886 612 867 800 658 880 691 554 620 807 602 518 
720 628 906 743 915 607 537 798 960 605 885 964 722 986 945 568 908 747 746 938 703 940 605 563 
940 514 903 696 563 875 703 724 755 573 639 800 735 640 648 808 845 745 732 903 687 952 564 953 
688 974 878 877 579 971 709 945 940 554 666 785 539 754 564 939 858 891 844 921 799 863 849 896 
705 513 645 686 939 862 708 956 902 611 901 543 997 953 826 535 654 842 716 806 685 512 710 867 
823 650 926 998 974 759 903 751 781 859 619 553 780 828 865 755 1000 775 950 588 523 978 779 631 
631 563 1000 509 785 688 536 670 818 641 940 697 842 909 638 779 997 836 744 524 795 698 776 502 
932 563 694 947 574 999 836 750 740 770 942 935 541 814 571 986 645 900 864 976 969 517 704 615 
732 622 970 912 618 566 702 826 920 576 606 852 679 848 975 647 934 892 708 924 834 926 745 945 
509 719 855 597 667 920 844 637 582 528 871 837 694 789 684 859 717 928 723 848 750 747 646 830 
518 752 973 633 993 582 655 682 781 663 522 641 762 606 661 987 627 518 912 749 550 504 813 746 
879 763 916 811 843 828 543 576 914 585 684 552 558 878 828 856 765 586 690 530 856 727 879 580 
696 725 716 933 558 643 998 662 525 775 653 959 925 644 864 943 925 550 830 521 547 959 992 662 
964 648 661 535 598 619 612 624 633 964 828 534 699 947 723 827 609 717 766 871 641 690 579 792 
502 747 703 743 722 542 835 850 846 827 988 796 946 813 627 634 562 750 978 568 831 985 823 524 
677 922 717 503 578 914 696 798 510 733 665 799 853 926 775 739 606 938 733 837 933 554 614 949 
655 812 853 938 954 665 741 612 643 816 860 700 532 735 526 966 992 539 917 668 987 509 724 732 
939 647 736 581 933 814 947 745 895 608 857 950 976 755 799 541 545 934 714 716 773 558 947 648 
937 682 759 739 709 805 855 832 796 986 882 866 928 810 951 554 840 846 879 829 976 894 962 873 
817 935 719 726 809 791 673 558 542 684 859 826 911 958 865 660 658 872 862 959 771 519 669 777 
894 990 558 735 975 610 602 790 552 620 510 846 656 858 518 790 982 586 519 687 556 758 744 966 
797 619 943 574 954 691 627 701 569 785 550 777 696 834 766 616 767 945 678 642 597 716 661 827 
672 964 940 538 945 658 538 649 542 953 734 889 871 868 598 512 751 769 792 531 833 919 942 828 
671 538 538 653 955 870 911 564 536 943 986 567 980 788 616 771 548 531 946 555 587 900 871 817 
966 784 767 551 815 651 821 576 929 714 892 901 852 892 976 820 768 718 952 951 934 971 934 571 
557 957 664 719 600 957 512 652 645 502 772 892 573 769 566 694 928 991 798 910 981 931 725 854 
603 561 829 874 712 738 804 984 667 793 609 535 611 547 634 501 892 930 683 619 803 976 577 719 
542 606 833 720 865 733 955 881 579 844 566 537 620 846 655 654 595 578 905 684 786 533 660 814 
744 933 718 825 737 961 757 906 900 530 858 902 628 654 657 588 802 554 844 680 629 792 802 949 
946 844 844 883 520 643 591 519 946 745 706 649 901 906 774 742 647 983 787 576 757 678 781 647 
717 803 832 593 640 826 713 979 974 629 652 906 710 995 768 539 705 987 851 786 889 511 833 965 
715 951 850 926 871 931 501 735 866 849 959 632 752 972 767 613 854 995 755 599 513 602 640 806 
967 684 999 509 620 503 934 574 584 702 859 711 983 695 984 546 659 610 678 738 525 541 530 988 
939 544 543 895 615 896 531 781 673 775 901 680 612 653 647 852 552 798 976 790 769 930 652 809 
639 680 731 950 747 644 513 531 536 930 638 826 996 739 902 964 532 636 980 767 741 794 867 875 
996 616 972 628 830 780 946 802 745 843 915 920 701 713 941 973 661 880 656 546 698 942 619 915 
782 591 598 861 510 833 588 530 641 861 502 817 962 598 600 869 581 591 847 930 926 512 518 864 
813 704 979 840 585 776 720 766 958 927 820 691 814 771 666 533 826 578 863 590 918 956 895 933 
679 637 730 908 990 655 690 587 736 815 513 644 616 992 676 735 656 913 679 636 705 715 583 942 
765 676 764 839 675 661 935 515 766 933 620 941 746 620 917 878 684 743 958 556 602 834 662 650 
800 813 944 746 660 893 713 671 819 935 589 626 700 774 906 747 529 686 690 797 608 768 931 837 
688 649 575 859 981 557 819 953 906 903 884 757 842 675 590 511 757 527 663 703 713 621 844 891 
881 869 997 930 808 854 509 946 823 844 947 527 577 939 519 725 851 987 534 601 870 583 673 641 
522 529 520 525 959 813 903 849 727 744 744 507 667 545 731 586 968 803 748 749 866 800 636 698 
633 910 959 929 584 809 608 643 500 943 667 767 965 758 615 685 727 869 551 915 858 938 751 547 
579 678 508 941 747 518 804 769 643 575 523 622 806 729 998 524 782 703 847 838 814 680 660 636 
567 623 717 783 673 570 564 551 949 819 878 760 799 540 690 519 926 962 652 807 613 923 666 725 
931 700 810 900 902 632 630 630 718 714 986 992 788 939 764 764 979 785 896 624 556 903 754 726 
949 637 601 874 597 686 924 637 748 792 575 879 713 511 797 799 708 697 815 694 528 515 818 810 
936 862 753 724 765 746 517 883 864 774 718 992 634 544 834 622 537 822 696 985 578 577 873 998 
883 992 636 828 634 762 826 788 726 578 558 541 657 827 828 711 777 667 712 624 645 772 976 523 
870 631 528 725 940 967 782 820 674 895 623 634 528 645 790 791 656 718 604 861 709 540 626 675 
513 747 915 540 869 909 714 683 854 578 993 918 627 708 922 610 864 600 961 669 579 654 878 916 
700 842 633 792 910 927 709 504 878 594 553 837 621 772 961 958 898 550 845 713 610 738 932 979 
852 708 607 822 866 813 688 782 764 795 603 777 530 698 999 701 929 961 505 952 563 974 945 737 
974 984 936 604 770 917 957 825 917 746 556 831 948 702 520 549 954 731 951 614 883 742 804 559 
737 781 576 679 966 936 974 950 886 876 983 944 668 545 913 845 990 684 609 800 626 965 632 926 
841 622 864 968 589 648 590 681 656 685 756 682 978 908 701 593 536 802 829 962 807 874 754 550 
912 947 639 710 713 832 514 696 722 774 536 885 849 715 742 992 582 523 989 514 890 980 894 736 
688 932 715 780 897 631 738 783 705 933 854 938 792 633 650 722 894 849 943 813 701 972 830 756 
728 870 938 631 899 598 694 543 733 543 541 925 622 526 689 733 833 527 563 772 990 813 783 971 
912 870 601 614 792 690 875 592 878 551 752 907 875 583 887 785 958 538 633 847 907 771 767 952 
972 620 944 927 740 945 682 524 857 748 837 582 640 903 618 987 666 650 828 652 628 644 667 858 
808 961 508 934 681 598 733 867 775 621 807 560 543 751 908 594 606 789 553 954 901 916 779 815 
829 530 581 624 671 893 904 797 653 511 643 531 644 768 711 801 635 973 861 785 740 614 579 542 
590 714 988 930 636 828 829 851 981 845 706 547 989 862 904 791 555 559 734 947 532 593 958 986 
952 671 980 691 776 595 634 892 566 673 989 689 574 544 752 786 877 559 945 627 801 519 681 702 
530 664 970 981 885 949 627 577 899 776 968 855 961 947 602 844 878 762 776 901 879 788 812 744 
674 958 856 567 826 783 720 576 820 586 790 931 807 793 533 669 687 931 822 859 742 633 865 796 
728 536 701 744 916 625 817 797 703 670 570 581 554 539 742 663 649 806 655 610 740 674 921 816 
832 875 504 804 963 840 924 852 935 529 524 924 515 974 887 980 731 677 567 913 503 654 969 928 
999 538 811 865 720 756 726 540 919 962 700 828 637 994 665 844 705 764 670 681 739 619 718 809 
728 831 933 849 991 995 893 571 870 745 556 590 652 827 846 852 869 673 591 622 704 778 626 844 
898 773 999 816 648 731 848 794 631 872 632 736 902 938 539 541 543 657 503 743 567 819 901 764 
701 634 613 941 803 647 759 681 787 612 570 698 563 882 923 954 611 942 768 995 945 893 730 550 
853 783 849 859 895 821 505 808 804 632 727 626 535 840 702 955 832 875 908 783 838 559 963 836 
838 600 850 637 927 811 854 593 949 930 636 568 726 596 523 550 698 628 686 615 727 901 535 556 
940 711 767 630 617 678 624 528 749 839 562 781 515 707 630 956 562 719 524 613 578 597 847 604 
800 775 793 958 702 691 555 675 730 837 899 916 605 607 971 677 808 600 522 666 503 667 873 740 
769 595 549 858 659 980 654 651 691 932 676 838 541 906 538 825 804 559 818 951 833 672 736 999 
779 791 556 670 574 873 760 873 761 850 892 812 639 623 672 951 881 681 547 583 848 590 501 851 
507 782 565 694 924 680 587 804 984 796 956 823 572 613 593 623 605 632 645 641 910 641 952 863 
573 844 970 679 520 652 975 950 697 529 974 770 856 930 894 503 576 500 748 825 762 797 569 618 
514 968 577 681 853 897 626 856 933 992 627 791 509 883 765 685 508 955 938 983 731 734 996 626 
798 796 961 558 598 973 543 859 610 771 897 958 605 526 676 527 852 970 582 776 588 969 716 999 
616 863 675 835 536 925 962 842 754 605 888 607 990 845 794 738 690 862 522 702 823 943 702 616 
711 906 550 698 618 509 982 735 503 722 993 537 915 879 859 968 671 891 853 770 566 786 791 550 
990 985 843 863 952 862 683 524 648 727 657 844 811 529 788 646 728 677 555 530 929 528 521 989 
666 677 980 579 940 853 957 512 954 819 987 624 988 813 745 825 827 680 712 743 500 997 698 915 
688 571 646 996 826 877 809 572 512 558 953 809 978 805 938 776 999 997 588 921 743 653 927 783 
698 841 969 674 901 841 880 670 883 957 939 877 802 517 879 584 904 721 785 501 563 619 865 948 
777 621 548 955 617 586 945 868 764 633 891 691 878 964 871 996 685 613 758 888 770 643 951 603 
721 956 583 973 859 501 623 601 945 776 805 710 853 679 959 772 849 844 921 630 714 758 843 956 
603 561 845 535 626 570 567 937 797 677 815 836 580 907 612 789 928 546 598 967 813 872 840 925 
862 640 742 631 869 620 868 604 544 578 627 628 512 745 865 640 684 930 573 511 752 557 519 566 
686 534 733 820 737 500 932 506 564 581 545 650 753 971 686 998 586 718 981 800 582 769 838 525 
915 918 840 744 982 948 576 503 979 871 848 692 511 805 819 967 830 637 798 977 984 765 968 721 
739 820 997 518 772 905 603 683 777 508 756 621 720 874 835 698 633 736 678 852 934 953 593 542 
920 704 505 749 663 512 583 892 710 530 749 605 558 599 667 995 566 753 882 585 530 937 923 795 
804 868 824 928 980 550 616 763 738 618 976 968 631 788 860 684 671 812 553 748 729 995 691 650 
865 902 968 951 849 567 816 1000 746 587 514 922 566 654 789 979 606 674 591 515 738 753 863 841 
525 969 740 520 648 948 755 660 797 923 717 920 756 534 601 596 576 804 871 731 818 797 815 870 
520 637 568 668 611 668 644 689 669 651 920 894 520 542 627 876 801 509 552 599 740 967 742 959 
538 542 679 656 837 994 966 962 926 762 725 612 915 908 519 656 761 879 741 754 656 605 525 503 
892 603 878 510 962 866 846 571 770 947 649 922 960 765 848 643 975 806 748 963 621 977 829 785 
985 555 666 920 739 725 884 616 928 908 853 611 520 621 929 541 571 804 681 692 532 645 667 679 
798 547 956 777 774 529 706 751 821 977 728 652 591 765 622 676 876 905 650 812 718 524 681 616 
664 556 635 583 669 703 994 728 765 796 568 568 753 876 837 877 801 862 802 676 937 877 905 544 
577 866 722 987 830 788 730 696 962 819 594 682 522 555 532 860 754 918 965 823 543 509 735 649 
786 851 869 695 672 523 914 999 512 872 572 989 865 563 912 855 835 892 626 560 545 884 881 565 
915 839 960 519 995 614 999 729 722 533 780 903 624 983 609 751 568 829 514 671 835 947 532 852 
875 781 557 789 758 951 803 779 938 572 560 638 594 583 583 976 913 958 524 503 823 878 996 960 
802 982 941 897 516 507 632 647 662 709 732 958 516 612 986 888 815 725 735 679 727 533 558 957 
782 651 993 724 765 680 888 747 709 931 589 560 719 789 757 919 529 633 779 687 773 835 815 754 
609 518 680 682 945 823 883 966 637 630 746 832 678 731 680 715 985 647 804 597 551 841 719 579 
826 759 881 646 846 716 632 723 718 801 584 735 728 566 666 536 938 919 778 652 786 758 606 961 
797 988 809 502 685 722 864 787 691 560 534 566 684 991 505 646 641 570 893 994 756 646 932 958 
565 568 780 577 576 888 507 591 542 714 965 846 622 520 838 969 809 789 819 757 631 556 992 891 
742 977 578 698 669 734 888 795 577 664 911 588 566 662 600 738 619 503 543 791 958 868 848 830 
682 997 664 624 691 979 907 860 519 853 897 685 835 804 686 897 984 848 561 768 566 555 738 579 
691 964 983 604 651 960 937 869 894 546 609 682 797 518 587 506 866 719 665 905 617 649 696 919 
510 832 613 818 946 988 680 846 950 658 663 673 782 565 739 899 874 625 575 573 574 635 654 844 
843 802 517 940 635 894 762 835 857 913 717 573 903 844 857 844 887 610 668 527 828 545 752 558 
665 769 628 579 606 515 784 974 937 553 674 516 534 514 976 952 974 991 545 517 723 984 632 967 
553 824 547 845 920 867 601 828 687 871 744 638 699 575 974 590 829 660 710 521 751 850 938 928 
820 582 568 798 550 766 572 714 828 801 587 974 615 624 804 549 507 698 574 864 650 989 801 998 
661 565 814 518 778 623 524 789 633 833 811 746 649 554 710 704 681 554 575 949 657 543 537 933 
597 908 712 555 511 693 697 633 802 979 561 764 927 949 651 941 690 542 626 885 676 738 814 690 
946 621 562 503 744 509 900 583 607 566 959 717 855 911 703 571 612 899 673 721 600 858 545 686 
578 669 955 953 938 750 647 577 575 584 633 583 796 576 684 508 628 658 589 573 540 660 748 551 
706 621 786 578 549 806 501 741 957 854 595 914 661 578 738 938 915 585 668 869 717 982 632 636 
954 606 613 582 978 777 903 981 725 758 717 760 648 693 656 751 826 932 965 976 757 782 645 527 
965 836 611 789 662 666 713 831 855 786 549 952 897 925 654 965 595 755 728 948 650 877 748 805 
788 949 870 603 589 509 720 795 647 644 734 531 804 785 878 911 837 544 683 661 610 613 662 810 
799 905 793 595 963 692 885 950 818 677 769 536 735 510 879 910 570 916 904 562 598 728 833 659 
908 707 836 966 777 713 535 543 639 862 862 935 907 960 810 712 527 631 539 805 754 654 862 765 
793 684 845 644 547 630 800 844 846 605 631 923 674 973 589 930 999 661 627 510 983 510 669 604 
925 582 739 744 954 946 501 502 596 613 910 846 968 891 787 731 964 580 759 900 956 531 615 991 
619 729 789 673 641 691 771 650 693 574 881 511 655 540 986 521 742 523 839 564 758 690 849 601 
874 509 740 595 925 937 642 512 852 906 823 614 541 891 858 892 941 943 688 598 956 757 632 998 
742 900 532 535 657 501 856 766 754 813 694 551 794 660 710 563 933 955 743 871 821 548 870 912 
982 826 867 851 501 598 640 904 622 914 809 849 518 608 759 581 613 975 605 669 952 614 627 516 
748 582 868 843 863 670 710 845 589 682 870 983 742 762 869 512 691 934 679 971 569 619 855 965 
558 558 585 729 732 662 739 555 592 947 586 812 558 848 510 896 767 804 661 590 708 661 594 923 
800 545 603 753 680 988 551 912 559 717 642 899 674 640 697 697 942 685 624 954 571 772 896 854 
515 838 982 669 767 933 779 574 617 559 762 948 628 521 633 509 711 716 942 755 794 872 718 805 
719 919 808 856 609 749 754 608 595 797 617 631 897 963 840 758 883 536 821 731 864 901 530 952 
505 944 581 798 845 682 854 604 553 775 835 531 683 714 997 664 795 576 662 817 946 895 906 635 
683 799 697 709 777 698 578 561 594 932 843 965 588 909 758 697 552 898 531 935 877 750 826 658 
693 967 783 515 901 645 594 754 713 944 821 939 962 885 788 793 551 865 971 646 551 930 949 579 
563 968 624 981 611 601 502 875 928 679 991 973 651 924 765 563 541 864 906 945 981 857 611 763 
644 600 930 704 802 666 573 656 943 716 504 557 909 689 609 763 961 847 898 919 757 746 796 928 
875 757 712 732 636 941 703 756 594 683 676 982 709 604 679 757 819 940 993 539 662 629 815 947 
842 554 991 571 711 951 844 645 830 648 813 800 725 919 691 741 846 860 915 830 709 813 972 652 
857 518 607 806 897 745 647 746 976 841 891 657 710 712 609 962 690 899 860 663 817 537 938 892 
833 598 878 609 570 954 591 567 529 927 824 760 539 585 749 690 889 728 626 930 913 559 604 586 
679 729 848 864 512 523 811 600 739 597 576 714 662 801 863 699 874 755 848 838 679 938 648 535 
992 725 887 682 713 889 917 708 720 728 884 988 708 605 942 986 769 807 576 589 718 755 579 731 
768 722 877 529 839 847 525 775 848 851 802 760 501 984 980 510 707 870 946 680 867 521 998 925 
912 944 758 740 600 858 752 851 687 689 866 886 737 627 975 664 938 647 698 582 928 527 831 687 
764 534 657 660 779 542 947 552 705 504 586 751 567 810 887 765 973 679 794 550 554 881 778 727 
925 693 868 655 677 615 881 959 519 516 544 738 833 981 819 784 504 781 872 802 540 987 743 711 
602 889 928 757 699 512 657 776 921 625 833 584 722 779 681 589 861 544 807 832 774 712 976 834 
744 880 540 682 866 951 604 978 945 710 593 857 572 745 552 926 753 647 612 597 600 994 686 894 
711 798 585 980 975 686 874 726 707 734 896 808 585 972 539 920 539 736 932 831 836 634 881 615 
724 550 988 552 671 700 522 769 786 918 718 858 702 944 833 809 789 620 888 734 695 538 670 973 
849 786 675 805 675 587 804 611 888 727 768 957 888 814 750 694 866 529 517 796 878 635 798 779 
764 675 876 676 919 874 940 667 534 917 903 565 566 873 993 534 805 685 555 985 559 749 634 755 
557 750 526 791 847 531 609 685 548 909 895 520 968 957 873 646 714 939 817 575 540 645 897 872 
815 568 508 991 615 924 901 657 558 710 790 527 645 543 763 953 969 723 924 840 810 531 845 680 
735 931 998 990 951 951 504 993 798 664 615 523 875 787 516 741 928 567 621 884 760 733 681 898 
527 925 646 915 931 624 846 686 933 757 678 673 740 749 609 661 945 927 949 843 812 823 939 998 
848 521 862 962 901 837 975 739 666 744 719 742 606 560 750 735 902 583 502 712 700 928 581 554 
516 991 942 939 818 577 894 589 892 831 651 589 763 774 712 618 535 846 540 556 661 981 574 576 
760 890 795 931 742 817 627 780 614 684 647 544 970 664 637 853 787 830 691 841 790 664 679 610 
754 850 508 839 740 855 751 648 912 990 828 910 663 706 556 889 946 544 503 647 794 787 716 830 
682 939 514 558 947 844 650 744 681 844 794 843 570 999 889 594 817 545 585 502 909 858 549 892 
587 838 602 513 535 753 742 774 912 687 744 855 977 883 652 518 679 900 603 600 726 588 541 780 
754 577 522 841 840 527 919 774 750 572 954 695 916 987 651 665 768 721 865 642 675 598 729 909 
877 589 942 939 900 677 969 809 587 989 843 866 998 972 882 513 551 512 755 555 911 549 973 732 
753 826 989 641 646 570 709 897 940 999 884 504 662 710 910 535 532 577 757 833 872 973 820 592 
770 695 647 771 505 649 595 961 860 941 614 895 578 657 969 974 834 748 835 767 728 540 842 583 
918 548 746 830 662 849 546 516 623 948 989 863 962 663 525 617 826 668 899 789 501 514 699 662 
589 1000 798 545 726 947 749 861 961 534 835 792 547 968 572 829 522 904 621 699 589 648 663 756 
907 797 923 566 558 606 673 531 566 982 640 514 961 644 886 575 521 607 849 520 948 769 871 629 
845 513 630 518 506 859 562 739 636 815 953 838 766 723 508 709 726 500 858 728 681 805 545 749 
874 799 688 695 797 774 647 581 698 563 612 939 904 762 697 753 595 922 709 607 787 997 934 904 
888 952 843 629 841 570 823 735 971 610 585 893 799 603 596 937 685 692 944 985 820 554 725 823 
677 553 632 776 687 918 557 915 504 846 646 569 871 568 883 733 713 533 878 598 700 994 677 548 
668 907 544 591 893 673 759 827 852 883 646 668 707 846 627 648 916 814 744 821 941 928 725 805 
707 561 769 725 552 812 873 881 537 594 640 621 639 818 625 515 933 854 925 540 527 534 802 636 
628 629 808 598 724 798 948 892 538 707 596 629 979 572 958 535 975 542 534 889 708 964 636 520 
841 680 659 599 531 636 915 549 567 719 962 565 666 856 514 825 532 521 594 621 940 948 764 757 
722 949 868 667 655 875 849 879 874 872 821 519 571 725 736 713 852 686 558 857 749 832 521 846 
521 601 662 990 500 792 943 955 842 946 892 706 705 622 837 542 967 748 929 952 739 812 744 624 
560 818 933 595 756 519 958 623 612 612 632 510 590 651 740 718 988 608 723 750 518 599 954 896 
961 948 816 550 624 858 887 965 985 604 679 900 538 789 982 761 947 801 527 960 777 779 748 826 
667 969 618 552 953 537 596 772 871 955 892 975 584 789 850 620 914 755 907 909 780 610 674 824 
976 514 834 643 526 654 684 772 507 543 737 889 835 519 973 968 645 605 910 920 509 515 819 691 
883 714 517 792 766 562 810 846 716 707 768 892 968 996 647 771 522 833 906 575 722 1000 869 758 
935 605 736 619 588 943 750 515 950 673 956 766 643 851 626 847 520 967 534 598 664 779 890 783 
878 850 887 985 670 817 911 913 861 549 608 866 572 994 630 674 956 593 988 611 690 825 581 851 
841 524 595 713 874 749 578 522 659 630 640 559 996 707 833 714 778 934 906 531 543 618 749 519 
792 711 963 688 580 991 627 901 500 769 940 777 818 939 562 973 629 745 592 829 546 825 745 969 
539 673 918 574 677 809 957 677 665 566 575 949 649 528 970 573 949 769 845 926 944 684 637 912 
503 825 898 926 962 757 893 526 760 614 601 562 511 622 937 573 863 505 633 959 660 806 839 992 
539 779 643 908 695 637 814 917 710 566 711 599 943 533 928 792 591 552 852 681 709 688 968 942 
521 705 825 907 567 899 749 849 782 765 987 606 770 785 582 885 658 753 947 733 515 649 672 747 
977 749 772 759 824 729 691 848 887 686 984 625 784 601 770 917 621 912 614 542 897 966 673 548 
501 771 548 861 797 578 883 957 925 945 930 773 571 575 871 695 587 827 854 601 947 944 790 563 
693 646 615 905 590 880 831 988 903 622 749 678 761 787 520 596 767 878 628 872 585 679 671 746 
891 883 854 996 685 710 779 768 595 645 700 556 923 609 574 654 806 941 845 565 503 753 508 956 
931 797 672 886 689 630 908 640 977 997 846 658 878 947 560 640 651 857 958 550 787 633 963 875 
692 511 955 594 509 979 507 965 703 976 630 847 664 675 825 901 702 721 897 641 929 991 570 930 
675 513 629 650 665 841 865 879 855 780 789 551 915 505 674 701 992 735 604 504 508 728 856 963 
858 526 548 716 528 970 628 548 738 648 869 842 889 552 718 806 658 872 911 950 778 932 930 910 
599 949 993 834 705 888 887 678 949 822 581 893 915 833 698 581 936 609 511 851 911 526 801 723 
806 610 507 546 840 931 725 521 979 571 758 562 991 958 527 833 946 971 779 928 649 853 658 801 
651 580 834 656 567 984 996 645 608 526 652 855 794 761 805 660 509 639 688 678 619 953 873 670 
561 804 696 847 873 652 564 692 819 587 831 508 843 619 552 543 742 879 570 664 548 783 977 665 
751 801 668 947 624 625 772 897 509 637 921 957 578 712 914 955 698 524 968 942 641 616 857 866 
526 668 906 553 991 978 874 608 722 822 941 928 589 971 589 706 772 783 844 862 869 892 918 530 
628 659 956 797 540 664 696 551 674 652 988 905 762 963 722 800 656 605 875 991 912 751 974 785 
867 573 923 979 731 944 758 609 803 659 513 726 572 975 523 544 572 862 593 927 510 503 602 818 
770 706 729 831 567 506 624 841 611 869 948 555 796 525 858 652 532 596 632 718 975 797 723 814 
537 619 715 658 665 530 721 511 531 847 920 980 878 571 553 607 889 578 804 681 608 720 649 905 
504 973 844 608 969 930 877 865 584 547 826 995 699 656 674 522 921 936 787 832 775 591 854 864 
915 671 744 809 885 550 832 912 560 729 984 596 514 743 532 757 692 590 647 698 896 692 712 801 
703 576 854 647 568 537 966 953 999 696 647 765 791 993 645 531 952 763 961 761 584 689 961 617 
573 530 908 914 615 660 503 621 683 589 602 578 705 722 939 794 817 794 789 767 696 995 632 954 
610 946 518 579 922 819 933 659 930 997 620 688 554 812 904 592 984 524 729 676 546 815 703 896 
669 716 603 942 945 990 902 716 911 636 998 935 815 801 978 696 730 991 835 979 521 642 721 682 
802 677 917 915 620 860 827 881 754 839 953 837 622 914 901 717 940 697 616 642 855 931 649 657 
964 894 914 677 693 905 980 726 678 607 601 701 897 788 791 990 924 677 890 938 818 719 674 734 
760 508 716 954 706 654 792 603 919 984 794 618 888 631 686 945 763 647 729 889 552 933 749 606 
963 903 925 685 891 890 631 935 673 988 543 584 867 575 811 742 936 955 750 602 826 640 595 961 
579 925 532 803 727 552 794 767 840 861 792 989 739 963 814 900 991 603 505 717 944 977 929 946 
682 930 664 902 895 559 977 814 790 877 788 745 802 834 725 681 984 581 712 743 561 536 660 633 
796 887 940 528 906 838 961 763 913 978 790 787 921 837 880 975 965 764 588 516 659 921 810 743 
543 798 661 844 622 786 772 577 710 955 884 696 861 841 574 937 738 626 518 535 929 760 898 863 
845 683 600 928 944 920 556 549 656 964 635 703 522 988 676 631 658 520 832 921 814 897 553 922 
888 880 640 945 908 969 935 863 607 591 839 823 838 922 972 914 713 766 915 765 960 526 596 666 
637 907 505 940 937 656 572 897 980 737 618 859 582 973 974 836 630 813 926 584 819 514 833 884 
622 640 834 520 999 913 712 541 976 570 618 538 830 521 951 781 782 702 847 673 671 664 837 640 
763 560 859 655 930 798 950 757 577 789 540 525 832 803 933 616 606 610 645 571 793 671 930 750 
979 802 920 854 657 837 955 643 586 948 778 555 541 905 931 591 823 693 765 912 548 507 654 770 
825 783 581 976 587 567 928 753 940 605 898 957 552 701 633 739 680 507 728 895 619 509 949 729 
918 635 588 910 897 511 528 917 564 525 712 788 699 977 815 528 982 731 571 637 661 897 813 864 
891 705 927 888 990 846 510 805 504 704 701 857 557 990 731 518 649 961 880 656 611 983 671 612 
635 871 725 670 851 512 845 511 594 954 529 873 609 728 711 769 567 821 677 718 899 824 724 602 
