0.74 1.19 1.66 1.04 0.94 1.71 0.49 0.44 1.22 0.62 0.81 1.60 0.78 2.75 2.41 1.32 1.44 0.97 2.04 2.80 2.12 0.50 1.68 1.30 1.62 0.82 0.59 1.32 1.97 0.42 
1.30 0.42 1.71 0.76 0.49 1.32 0.62 0.39 0.42 1.19 0.96 1.96 2.68 0.65 2.32 2.35 1.80 1.55 1.14 0.54 2.84 1.37 1.11 1.81 0.89 0.76 1.37 0.59 1.79 0.97 
1.81 1.86 0.84 0.75 0.76 0.59 0.91 1.86 1.50 1.01 1.48 1.64 0.65 2.21 2.21 2.46 2.69 0.77 2.46 1.51 2.15 2.00 2.38 0.66 1.80 0.89 1.56 0.50 1.57 0.53 
0.88 1.94 1.56 1.10 1.41 1.27 1.36 0.61 1.57 1.89 0.88 1.65 0.59 1.01 1.62 1.17 2.96 1.21 0.59 0.58 0.94 0.83 0.55 1.37 1.27 0.75 1.00 1.59 1.40 0.46 
1.61 1.50 1.05 0.86 0.63 1.07 1.05 0.61 0.74 0.44 0.47 1.81 1.78 1.93 2.65 2.57 1.24 0.87 2.51 0.58 2.16 0.89 0.71 0.78 0.47 1.56 1.53 0.91 0.95 0.91 
0.56 1.12 0.62 1.56 1.05 0.59 0.67 1.27 1.63 1.05 1.33 0.66 0.69 1.84 2.38 2.43 1.77 1.32 2.95 1.00 1.41 0.93 1.23 0.76 1.04 0.75 1.80 0.64 1.20 1.61 
0.83 1.68 0.86 1.72 0.56 1.77 1.56 0.74 1.70 0.36 0.58 1.94 1.20 0.98 1.49 2.55 2.73 0.64 2.25 2.92 1.27 1.89 0.67 1.04 1.04 1.32 1.62 1.02 1.50 1.38 
1.33 0.83 0.55 1.03 1.64 1.08 0.86 1.56 1.59 1.59 1.94 1.96 2.73 0.90 0.66 1.43 2.41 0.69 2.93 0.65 0.79 2.26 0.79 1.37 1.01 1.12 1.62 1.33 1.05 1.21 
0.61 0.43 1.28 0.56 0.73 1.34 0.67 1.72 0.52 0.94 1.83 1.70 1.23 2.67 0.87 1.04 0.61 0.93 2.07 2.04 2.38 2.93 2.45 0.78 1.58 1.78 1.37 0.82 0.41 1.04 
1.20 1.56 1.96 1.85 0.53 1.60 1.01 0.87 0.52 1.85 1.77 1.56 2.39 1.99 2.28 0.89 2.95 1.99 2.33 2.65 2.43 2.52 0.87 2.43 1.32 0.75 1.68 1.03 1.05 1.53 
1.96 1.53 0.59 0.44 1.91 1.65 0.97 1.71 1.70 1.80 0.66 1.28 2.24 2.77 0.75 2.02 2.92 1.55 1.90 2.92 1.10 2.65 1.99 2.31 1.62 1.96 1.91 1.53 1.83 0.47 
0.34 0.61 0.46 1.56 1.17 0.58 1.21 0.94 0.39 0.58 1.41 0.38 1.38 2.88 1.20 0.83 0.93 2.57 0.89 0.69 1.79 0.57 1.73 2.81 1.21 1.45 1.24 1.64 1.26 1.56 
1.86 1.77 1.98 1.90 0.95 1.50 0.91 0.44 1.48 1.53 1.97 1.51 2.18 2.19 1.20 0.76 2.88 0.79 0.80 0.93 0.66 1.64 1.13 2.02 0.68 0.55 0.82 0.75 1.68 0.67 
1.70 1.36 1.73 1.59 1.78 1.28 1.99 1.82 1.70 0.91 0.77 0.91 0.93 1.55 1.02 1.52 2.38 0.79 2.95 0.58 0.54 0.58 1.02 0.91 0.42 1.95 1.77 0.42 1.85 0.46 
1.59 1.13 1.89 0.59 1.87 1.32 1.05 0.58 0.57 1.27 1.27 0.77 2.01 2.85 1.36 0.87 2.99 2.94 2.74 1.28 0.55 2.79 0.59 1.52 0.71 0.97 1.26 0.89 1.08 1.23 
1.45 0.41 0.49 1.40 1.01 0.44 1.44 1.01 0.34 0.57 0.84 1.27 0.67 1.33 1.50 1.50 2.01 2.39 2.65 1.12 1.30 0.88 2.24 2.41 1.39 1.04 0.40 0.34 1.31 0.99 
0.97 1.14 1.45 1.80 1.77 0.61 0.88 1.21 1.59 0.76 0.68 1.01 1.97 2.34 1.57 1.33 2.95 1.99 0.64 2.06 2.00 1.30 2.56 2.24 0.69 1.40 0.91 1.99 1.36 0.34 
1.05 0.47 0.50 0.50 1.41 0.50 1.05 1.33 1.96 1.60 1.02 0.66 1.26 1.62 0.66 2.52 2.72 0.88 2.56 2.29 1.78 0.65 2.06 2.57 1.86 1.53 1.29 1.71 1.87 1.37 
0.43 0.51 1.62 0.78 1.29 0.89 1.82 1.43 1.17 0.99 1.82 0.55 0.97 1.73 0.89 2.65 0.87 0.89 0.93 1.91 0.76 1.81 2.79 2.88 0.58 1.11 1.60 1.31 1.53 1.45 
1.54 1.01 1.00 0.36 1.12 0.46 1.86 1.33 0.95 0.66 0.43 1.15 1.55 2.49 2.18 2.39 1.75 1.71 0.66 0.65 2.96 1.36 2.18 1.29 1.77 0.47 1.92 1.98 1.74 1.72 
1.67 1.31 1.01 1.19 0.62 1.33 1.37 0.62 1.62 1.60 1.47 1.47 2.96 0.59 0.75 2.39 2.06 2.26 1.42 2.83 0.52 0.69 2.50 2.38 1.56 0.82 0.66 1.45 0.59 1.25 
1.03 0.75 1.40 1.62 1.80 1.32 1.00 1.97 1.03 1.05 1.78 0.75 1.81 2.96 1.67 2.07 1.93 1.89 2.94 1.11 1.53 1.15 0.89 2.95 1.46 1.47 0.62 0.51 0.59 1.77 
0.38 0.42 0.35 1.00 0.85 1.72 1.05 1.21 1.20 0.62 0.42 1.63 1.71 2.32 2.56 2.39 1.82 1.58 0.64 1.95 2.80 0.60 0.65 1.20 1.12 1.60 0.89 1.50 0.47 0.85 
1.64 1.64 0.92 1.86 0.47 1.36 1.53 1.98 0.56 1.96 0.76 1.32 1.17 2.39 2.06 1.90 2.26 2.38 1.34 1.88 2.93 0.82 2.72 0.90 1.72 0.38 1.70 1.51 1.56 0.91 
1.54 0.39 1.77 1.06 0.51 1.72 1.78 0.86 1.64 0.99 0.46 0.36 2.56 1.50 2.10 2.59 2.54 0.50 2.57 2.57 2.49 2.47 0.93 1.44 1.60 0.39 1.99 1.15 1.25 1.56 
1.28 0.40 1.13 0.74 1.96 1.30 0.71 0.86 0.61 1.54 0.69 1.71 0.85 0.88 2.69 0.71 0.82 2.65 2.65 1.76 1.83 1.62 2.28 2.21 0.69 1.91 1.60 0.92 1.27 0.59 
1.66 1.07 1.22 1.80 1.78 1.33 0.50 1.29 1.12 1.40 1.50 1.56 1.36 2.57 2.51 2.21 2.05 2.25 2.68 1.84 2.70 1.70 0.65 1.45 0.91 0.92 1.86 0.84 1.21 0.87 
0.82 0.57 1.53 1.21 1.10 1.33 1.53 0.34 1.17 1.78 1.64 1.72 0.58 1.29 1.56 1.12 1.97 2.95 2.98 1.43 2.41 1.04 1.42 0.71 1.05 1.25 1.33 0.86 1.68 0.42 
1.11 0.68 1.57 1.41 1.59 1.34 1.00 0.83 1.72 0.61 1.83 0.84 2.21 1.88 2.62 1.67 1.24 1.62 1.24 2.04 1.26 1.00 2.06 2.04 0.40 1.25 1.92 1.85 1.05 0.86 
1.99 1.81 0.59 0.34 0.66 0.91 1.98 0.77 1.04 1.65 0.84 0.91 1.94 2.10 1.32 1.46 2.52 0.80 2.12 2.59 1.12 2.70 2.17 0.83 0.91 0.95 1.64 0.82 0.82 1.92 
1.19 0.99 0.71 0.71 1.65 1.58 0.63 1.87 0.56 0.59 0.91 0.71 1.07 2.73 2.65 0.83 2.38 1.55 0.70 0.64 0.94 1.59 1.60 1.00 1.94 1.23 1.72 0.43 0.90 0.46 
1.45 1.42 1.21 1.33 1.50 1.41 0.38 0.57 0.58 1.20 1.96 1.82 0.79 1.71 0.78 0.70 2.21 1.32 2.44 1.12 1.71 1.20 0.94 0.64 1.06 1.97 1.02 0.91 1.68 1.50 
1.29 0.77 0.69 1.83 1.98 0.78 1.31 0.89 1.08 1.83 0.88 1.61 2.97 2.18 1.71 2.29 2.56 1.14 0.58 2.25 1.02 2.31 0.90 0.75 0.97 0.66 0.34 0.44 1.41 1.67 
0.75 0.40 1.33 0.58 1.03 1.29 0.69 1.61 0.88 1.65 0.92 1.64 2.70 2.66 2.85 2.70 1.97 2.46 1.78 1.44 2.04 1.31 2.65 0.87 1.64 1.59 1.20 1.53 1.79 1.56 
1.21 1.07 1.13 1.30 1.62 1.31 0.86 1.12 0.88 1.86 1.03 0.86 0.79 2.57 1.20 1.37 2.73 2.31 2.38 0.65 1.61 1.40 1.29 2.74 1.53 1.52 1.66 1.28 0.91 1.80 
1.62 0.50 1.56 1.76 0.40 1.81 0.97 1.32 0.50 1.47 0.88 0.51 0.66 2.91 1.56 0.59 1.64 2.48 1.62 0.92 2.35 1.57 1.52 2.26 0.45 1.81 0.42 0.67 1.11 1.43 
1.94 1.41 1.54 1.29 0.42 0.99 0.36 1.00 0.46 1.40 0.95 0.49 2.83 2.13 2.44 2.43 2.68 0.65 2.68 2.39 1.27 1.11 0.58 2.57 0.34 1.66 1.32 1.02 0.91 1.18 
1.72 1.14 0.85 1.23 1.62 1.58 0.99 0.62 0.69 0.77 1.82 1.21 2.78 1.45 2.36 2.65 1.07 2.70 1.36 1.89 1.26 0.89 2.17 1.51 0.86 0.69 1.67 0.75 0.68 1.44 
1.98 1.29 0.92 0.87 1.43 0.42 1.50 1.94 0.50 1.48 1.99 1.62 2.04 0.64 0.77 1.50 0.58 1.26 2.58 2.63 1.04 1.50 0.77 1.36 1.29 1.31 1.72 0.59 1.14 1.21 
1.89 1.51 1.06 1.80 0.40 1.29 1.26 0.53 1.60 1.68 0.50 1.42 2.68 1.24 1.21 2.63 2.93 0.58 1.69 1.71 0.93 0.93 2.23 1.97 0.86 0.97 1.33 0.78 0.59 1.40 
1.03 0.95 0.36 1.83 1.02 0.83 0.89 1.92 0.59 1.63 1.89 1.44 2.54 0.77 0.87 2.89 0.57 1.10 2.47 1.61 1.52 2.72 1.84 0.85 1.76 1.76 1.96 1.00 0.45 0.63 
0.41 1.31 0.66 0.53 1.62 1.46 0.43 0.52 1.71 0.37 1.02 0.47 2.47 1.52 2.21 2.45 2.01 1.89 1.53 0.57 0.94 1.08 2.94 2.39 1.74 1.80 0.91 1.41 1.25 1.65 
0.92 1.92 1.71 0.51 1.02 0.88 1.77 0.92 1.68 0.84 0.38 0.91 2.13 1.11 1.58 1.95 1.83 1.84 0.71 1.93 0.84 2.77 2.97 1.97 1.98 0.84 1.72 1.05 1.76 0.51 
0.75 1.95 0.44 0.69 1.86 0.91 1.57 0.68 0.43 1.60 1.70 1.43 1.57 2.25 0.76 1.26 1.99 2.55 2.65 0.67 2.44 1.12 1.52 0.90 0.66 1.98 1.60 0.91 1.39 1.78 
0.44 0.95 0.59 0.69 0.51 0.44 1.92 0.59 0.43 0.89 1.31 0.56 1.97 1.07 0.88 1.52 2.29 2.39 0.85 0.59 0.66 1.03 0.58 0.88 1.02 0.64 0.80 1.34 1.06 1.65 
1.88 0.61 0.82 1.27 1.22 1.46 1.94 1.15 1.64 0.36 1.21 0.44 0.75 0.76 0.85 0.83 1.55 1.24 0.52 2.36 2.04 1.99 0.51 2.43 1.39 1.70 0.72 0.36 0.73 1.38 
1.68 0.69 1.37 1.22 0.84 0.64 1.42 1.68 0.82 0.43 1.64 0.88 0.75 1.20 2.47 1.50 2.48 1.88 1.41 1.97 2.42 1.37 0.67 1.29 1.29 0.56 1.89 1.64 0.86 1.62 
1.80 1.55 1.80 1.78 0.55 1.06 0.46 1.62 1.55 0.45 1.62 1.53 1.30 1.52 1.81 1.55 1.47 0.70 1.37 1.24 1.04 0.71 0.62 1.42 0.99 0.86 1.59 1.08 0.74 1.64 
1.03 0.88 0.47 0.38 1.14 1.80 1.67 1.36 0.87 0.73 1.71 1.72 0.58 1.32 1.29 1.52 2.41 2.07 2.38 0.58 1.13 2.73 0.75 1.77 0.88 1.89 1.28 0.53 1.83 1.01 
0.44 1.62 1.52 1.94 1.85 0.59 1.31 0.57 0.88 1.82 1.33 0.78 2.02 0.54 2.56 2.87 2.54 1.76 1.15 1.32 2.93 0.55 0.62 1.53 0.71 1.67 0.44 0.56 1.91 0.58 
0.38 0.71 0.91 0.91 1.62 1.86 1.86 1.19 0.54 0.43 1.66 0.58 2.35 1.82 2.42 1.26 2.65 1.94 2.44 2.57 1.49 2.58 2.04 2.93 0.76 1.70 1.54 1.07 1.13 0.43 
1.26 1.98 1.88 1.42 1.82 0.69 1.06 0.43 0.59 1.33 1.83 1.33 1.94 1.02 2.43 1.84 1.46 1.14 2.80 2.36 0.65 1.61 1.60 2.06 1.12 0.74 1.78 1.62 1.53 1.06 
0.67 0.44 1.33 0.90 0.34 0.91 0.88 0.81 1.44 0.47 1.88 1.64 1.24 1.11 1.14 0.55 1.88 2.12 1.83 0.82 1.89 2.02 2.26 2.93 1.61 1.14 1.56 0.88 0.49 0.52 
1.02 0.74 1.66 1.14 0.94 0.36 1.60 1.95 0.42 0.43 0.60 0.45 0.93 0.97 1.26 2.36 0.85 2.65 2.57 1.60 1.60 0.58 2.43 2.80 0.44 0.47 0.37 1.58 1.77 1.44 
1.59 0.39 1.80 0.38 1.32 0.74 1.95 1.64 1.96 1.43 0.80 1.67 2.94 2.43 1.12 1.80 1.10 1.28 1.14 2.57 1.55 2.98 1.45 2.09 0.64 0.56 0.62 1.72 1.64 1.71 
0.62 1.54 1.01 0.44 1.29 0.89 1.02 1.56 0.83 0.68 1.92 0.82 2.19 1.36 2.95 1.04 2.25 1.24 1.60 1.75 1.12 2.68 0.50 1.88 1.21 0.46 1.32 0.91 0.91 0.71 
1.78 0.91 1.30 1.17 1.91 1.96 1.78 0.88 0.69 1.26 1.25 0.61 2.25 0.64 2.55 1.81 1.81 2.56 2.39 1.69 0.50 2.75 2.43 0.89 0.40 0.42 1.61 0.59 1.52 1.54 
0.62 1.47 0.44 0.50 0.44 0.65 1.54 0.50 0.43 0.61 1.77 1.92 1.88 0.75 1.67 2.92 1.10 2.59 2.70 1.58 0.74 1.21 1.71 2.39 1.02 0.96 0.38 1.47 1.86 1.60 
1.59 0.86 1.33 0.44 0.86 0.88 1.04 1.01 1.82 1.82 1.03 0.91 0.88 2.94 0.93 0.65 0.52 0.65 1.59 2.80 1.87 1.61 1.18 1.24 1.80 1.39 0.76 1.92 1.84 0.39 
1.96 0.59 1.98 0.74 0.59 0.44 0.46 1.05 1.91 1.41 0.92 1.05 2.18 1.55 1.23 1.89 1.23 1.68 2.25 0.50 1.68 1.50 2.68 2.49 0.51 1.20 1.27 1.08 1.77 0.88 
0.46 0.58 0.33 1.05 1.92 1.37 1.53 0.67 0.34 0.91 0.47 1.79 1.43 1.28 1.24 1.82 1.52 0.67 1.99 1.25 1.32 0.69 0.97 2.98 0.97 0.37 0.82 0.34 0.38 1.76 
1.36 0.51 0.43 0.50 0.59 1.98 0.95 1.05 1.55 1.33 0.48 1.96 2.16 1.95 2.39 1.36 1.60 1.97 2.16 2.21 2.35 0.58 0.85 1.91 0.66 0.43 0.39 1.17 1.07 1.91 
1.64 1.65 1.07 0.51 1.42 1.33 1.21 1.71 0.73 1.25 1.45 1.21 2.39 0.78 1.23 0.93 2.34 0.92 2.34 1.94 1.52 1.75 1.37 2.90 1.28 0.39 1.05 1.46 0.83 0.91 
1.64 1.56 0.40 0.82 0.88 1.77 0.75 1.50 1.63 1.15 1.31 0.41 2.21 1.44 1.28 1.06 1.48 2.91 1.77 2.52 0.54 1.78 2.39 2.85 0.34 0.94 1.70 1.50 1.07 1.76 
0.42 0.35 1.70 1.80 0.44 1.61 0.45 0.58 1.59 0.55 1.70 1.98 2.77 2.24 1.55 1.50 0.75 1.49 1.58 1.57 1.81 1.14 2.41 1.29 0.42 1.98 1.27 1.33 0.96 1.07 
0.83 0.45 1.89 1.57 1.84 1.91 0.58 1.45 0.91 0.97 1.37 1.01 2.75 1.18 0.67 2.57 2.42 0.92 1.18 1.02 0.66 0.97 2.41 0.96 1.43 0.83 1.73 1.60 1.58 0.56 
0.46 1.65 0.95 1.32 1.96 1.83 1.66 1.79 0.91 1.41 0.44 1.33 1.27 1.56 0.50 2.93 2.55 0.97 1.67 2.29 1.45 1.37 2.25 1.12 1.41 1.76 1.81 0.67 1.59 1.07 
1.64 1.48 0.38 1.76 1.34 1.22 0.40 0.33 0.60 1.15 1.25 1.91 0.60 2.68 2.59 2.98 0.77 1.95 1.09 0.65 0.58 2.74 2.38 1.26 1.62 0.69 1.43 0.40 0.59 0.46 
1.05 1.86 1.91 1.00 0.65 1.80 1.48 0.88 0.91 0.94 1.07 0.78 0.94 0.91 1.31 1.04 1.76 2.72 0.71 2.51 0.52 0.79 1.49 1.60 0.34 1.81 1.59 1.50 0.57 0.88 
1.44 1.84 1.86 1.74 0.89 1.10 0.47 1.18 0.66 1.86 0.40 1.53 2.88 1.24 1.11 1.83 0.77 2.58 1.46 1.81 2.39 1.12 0.82 2.48 1.62 1.61 0.83 1.52 1.04 0.60 
0.44 0.51 0.74 1.70 1.43 0.47 0.56 1.47 0.51 1.94 0.75 1.64 2.43 1.52 0.94 1.23 0.64 2.70 0.93 1.55 1.10 2.84 0.74 1.81 0.66 1.86 0.71 1.53 1.25 1.00 
0.94 1.71 1.32 0.86 1.72 1.45 1.25 0.95 1.32 0.68 0.68 0.82 2.79 2.52 1.32 1.29 1.60 1.23 2.49 2.70 1.33 2.77 1.04 1.92 0.55 0.52 1.01 0.95 1.00 1.59 
1.83 1.59 1.58 0.44 1.55 0.90 1.29 0.56 0.91 0.94 1.59 0.33 0.64 1.29 0.78 2.73 1.91 0.52 2.77 2.42 0.58 2.72 0.71 0.89 1.55 0.40 1.84 1.59 0.77 1.81 
1.21 0.80 1.06 1.45 1.72 0.50 0.76 1.27 1.26 1.77 1.91 1.90 2.29 2.59 1.46 2.29 0.74 1.50 1.52 1.18 1.64 2.65 2.52 2.78 0.40 1.05 1.08 1.68 1.80 1.05 
0.94 0.51 1.23 1.78 1.83 1.08 0.92 1.13 1.76 1.80 1.57 1.54 0.98 2.99 2.98 1.37 2.49 2.38 1.50 1.03 1.55 1.81 0.88 2.44 0.61 0.40 0.43 0.68 0.41 1.23 
1.21 1.34 0.87 1.90 0.47 1.50 1.36 1.36 1.43 1.79 1.86 1.96 0.69 2.06 2.06 2.48 2.69 0.74 1.98 0.93 2.47 0.54 2.19 2.39 1.78 1.21 1.86 1.95 0.43 1.72 
0.61 0.95 1.59 1.33 1.98 1.25 1.37 0.39 1.59 1.05 0.76 0.40 1.95 2.18 2.47 2.26 0.65 0.52 1.24 2.59 0.71 2.05 1.42 0.75 0.51 0.38 0.41 1.27 1.85 1.20 
1.67 0.42 1.63 1.13 1.25 0.91 1.96 1.04 1.97 1.41 0.45 1.77 2.96 2.80 1.08 2.39 1.49 1.10 1.24 2.10 1.42 1.60 2.50 1.23 0.95 0.75 1.97 1.55 1.21 1.07 
1.14 1.77 1.64 1.96 0.33 0.77 0.46 0.42 1.54 1.71 1.64 1.90 1.50 1.71 0.93 1.77 1.93 2.79 1.04 2.34 1.55 2.58 0.64 1.55 0.38 1.85 1.71 1.78 0.62 0.44 
0.63 0.95 0.47 1.61 0.87 0.82 1.56 0.98 1.63 1.81 0.58 1.26 0.71 2.18 0.87 1.91 2.73 2.38 0.89 1.12 2.67 1.59 2.52 2.67 1.78 1.24 0.47 1.11 1.79 0.95 
0.92 0.45 0.57 1.80 1.86 1.99 1.01 1.91 1.96 0.44 0.86 1.37 1.04 0.67 1.71 1.77 2.65 1.15 1.93 1.26 1.33 0.66 2.85 1.94 0.92 1.40 1.33 1.77 1.82 1.84 
1.79 1.56 0.40 1.56 0.59 1.70 0.62 1.25 0.88 1.54 1.05 0.68 2.67 0.79 2.36 1.93 1.52 1.04 0.89 1.81 0.71 2.56 1.71 1.27 0.42 1.53 0.71 0.91 1.66 1.47 
0.33 0.76 1.26 0.56 1.64 1.56 0.58 0.76 1.54 1.25 1.48 0.71 0.93 2.36 2.55 1.56 1.43 2.51 2.34 2.46 2.80 1.71 1.86 0.52 1.98 1.64 0.40 1.41 0.62 0.43 
1.36 1.61 0.49 0.37 0.42 1.50 1.01 1.06 0.43 0.94 1.85 0.58 2.12 2.48 1.15 1.79 0.89 1.11 2.19 2.97 0.94 2.00 2.50 2.24 1.59 1.44 1.01 1.34 1.77 1.84 
0.99 0.41 1.28 1.27 1.97 0.52 0.89 1.41 0.38 0.61 0.77 1.76 1.37 1.60 0.52 0.79 1.69 1.32 2.55 2.28 0.64 1.61 1.29 1.12 1.68 1.89 0.40 0.85 1.36 0.55 
1.50 0.73 1.13 1.91 1.26 0.77 1.28 0.44 1.65 1.71 0.48 1.05 1.88 2.85 1.61 1.18 2.64 2.65 1.10 1.11 1.55 2.43 2.80 2.04 0.59 0.83 1.72 0.62 0.43 1.77 
1.14 1.59 1.01 1.56 1.94 1.59 0.53 0.91 1.03 1.60 1.21 0.83 1.28 1.53 1.21 0.58 1.56 1.53 2.31 1.81 1.33 0.65 2.55 2.99 0.62 1.90 1.86 0.89 0.38 0.67 
1.78 1.75 1.41 0.47 0.86 1.25 1.53 1.77 0.82 1.10 1.77 0.90 2.59 0.55 0.65 2.67 0.85 1.99 1.07 1.93 2.06 2.33 0.51 1.56 0.46 1.72 0.68 1.72 0.68 1.21 
1.99 1.17 1.61 1.31 0.38 0.69 0.53 0.71 0.86 0.50 0.66 0.47 0.71 2.65 1.24 1.97 2.39 0.89 2.56 1.43 0.64 1.93 2.46 2.12 0.86 0.49 0.95 1.04 0.43 1.46 
0.34 0.66 0.63 0.44 1.08 1.83 0.88 1.04 0.92 0.65 0.82 0.58 0.50 2.52 0.77 0.75 1.38 2.58 0.97 0.58 2.15 2.79 1.20 2.34 0.43 0.77 0.84 0.76 1.00 1.53 
1.41 0.74 1.54 0.69 0.39 1.67 1.92 0.94 0.51 0.68 0.71 0.99 1.49 2.31 0.60 0.58 1.69 2.32 1.42 0.77 0.61 2.21 2.94 1.37 0.62 1.96 0.75 1.95 1.62 1.00 
1.78 0.88 0.92 1.33 1.33 0.84 1.83 1.91 1.07 0.57 1.90 0.86 1.10 0.71 2.26 2.29 0.66 2.58 0.76 2.71 1.59 1.23 0.63 2.39 0.51 0.91 1.57 1.24 0.61 1.08 
0.46 1.29 0.45 0.53 1.57 0.46 1.94 0.88 1.39 0.54 1.82 0.53 2.98 2.05 1.12 2.79 2.26 1.56 0.65 1.13 1.77 1.93 1.46 2.29 1.29 0.68 0.51 0.60 0.86 0.88 
0.69 0.97 1.70 1.98 1.79 1.06 0.82 0.51 0.81 1.31 1.94 1.91 2.31 1.42 1.32 2.10 1.49 1.26 1.07 0.69 2.92 2.38 0.65 1.37 0.88 1.85 1.03 0.58 1.76 1.60 
1.65 1.07 0.68 0.68 1.65 1.79 0.48 1.80 1.70 1.00 1.63 1.91 1.14 1.62 0.82 2.39 1.10 2.36 0.96 2.10 0.68 2.25 1.87 1.36 1.64 1.76 0.95 1.62 1.59 0.62 
0.74 0.38 1.23 0.51 0.58 1.70 0.42 0.62 1.19 1.59 1.29 1.59 0.67 0.51 2.34 2.75 1.49 1.83 0.58 2.39 0.87 2.57 2.16 1.11 0.86 1.94 0.83 0.62 0.86 0.43 
0.84 0.48 1.30 0.85 0.40 0.95 0.72 0.42 1.25 1.22 1.60 1.37 0.89 0.65 2.98 1.00 2.71 0.88 0.64 2.39 2.57 0.97 1.24 1.02 1.87 1.71 0.81 1.20 1.45 0.80 
1.80 0.42 1.80 0.74 1.08 0.60 1.70 0.73 1.29 0.92 1.66 1.64 1.11 0.51 2.88 0.64 1.41 2.39 1.07 1.61 1.86 2.93 1.76 0.71 0.34 1.68 1.80 0.69 0.61 1.40 
0.46 1.47 1.56 0.88 0.45 1.55 0.40 0.80 1.40 0.91 1.41 0.71 1.52 2.75 0.52 2.31 1.81 1.36 1.33 2.96 1.10 0.65 1.83 0.57 1.85 0.64 1.46 0.62 1.33 1.03 
1.07 1.79 1.07 1.08 1.05 1.43 1.81 0.77 0.46 0.80 1.79 1.82 2.47 1.43 2.96 1.62 1.99 2.05 0.77 2.21 1.86 1.93 2.69 1.20 1.53 1.01 1.06 0.56 1.73 1.05 
1.94 1.05 0.35 1.98 0.81 0.82 0.84 1.94 0.88 1.87 0.91 0.91 2.49 1.59 1.71 1.93 2.63 1.68 0.51 1.61 2.47 0.66 2.43 1.02 1.65 0.88 1.33 0.72 0.39 0.44 
0.60 1.17 1.56 1.01 0.62 0.81 1.81 1.73 1.01 0.59 1.07 0.89 2.99 0.85 2.95 1.42 2.58 2.16 2.34 1.60 2.28 0.74 0.89 1.36 1.08 1.82 1.99 0.59 1.55 0.72 
0.91 1.07 1.21 1.30 0.47 1.80 1.18 0.46 1.43 1.33 0.84 0.97 1.33 1.53 0.82 2.51 2.26 0.87 2.80 0.52 1.50 2.65 2.04 1.81 1.64 1.86 1.80 0.82 1.77 1.80 
1.45 0.55 1.72 1.03 1.98 0.39 0.39 1.08 0.95 1.81 1.71 1.86 2.41 0.59 1.32 2.28 1.81 2.69 1.04 0.64 2.66 0.62 1.90 0.97 1.29 0.47 1.05 1.65 0.53 0.38 
0.58 0.77 1.82 0.42 1.80 0.88 1.36 1.80 1.36 0.95 1.61 1.01 1.97 2.70 1.20 0.76 0.91 0.89 0.58 1.43 2.69 1.96 2.41 0.65 0.96 1.89 1.63 1.45 1.44 1.25 
0.42 1.82 1.21 0.52 0.59 1.11 0.91 1.58 0.54 0.57 0.69 0.80 1.55 2.34 0.93 2.72 0.76 1.20 1.28 1.02 0.65 2.44 2.80 0.60 0.57 1.68 1.15 0.99 0.53 0.86 
1.10 0.46 1.21 0.42 0.56 0.82 0.46 0.39 1.83 0.84 1.56 1.33 1.15 1.02 1.89 0.52 1.32 1.73 2.77 2.00 0.59 2.65 1.52 0.77 1.53 0.52 0.48 1.64 1.80 0.37 
1.32 1.56 0.56 1.48 0.45 1.28 1.04 1.43 1.71 1.72 1.45 0.63 2.57 2.02 2.94 1.47 1.71 2.59 1.89 2.25 2.28 1.95 0.78 2.33 1.17 0.82 1.58 1.56 1.33 0.40 
1.05 1.65 0.36 0.82 1.21 1.80 1.60 1.45 1.18 0.52 1.98 0.86 2.69 2.56 0.90 0.98 0.92 2.71 0.71 1.59 1.28 1.49 2.69 1.15 1.96 1.24 1.72 1.75 0.60 0.91 
0.88 1.67 1.79 1.30 0.94 1.08 0.74 1.80 1.84 0.48 1.64 0.61 1.45 0.52 0.65 0.93 2.31 2.39 1.44 1.17 2.84 2.10 0.54 2.46 1.62 1.64 1.65 1.33 0.43 0.54 
1.59 0.97 0.91 1.80 0.95 0.55 0.43 1.79 1.53 0.59 1.99 1.45 2.87 1.48 0.92 1.24 2.04 0.51 1.45 2.67 1.99 0.82 2.01 2.83 1.81 0.51 0.78 0.44 1.63 0.82 
0.86 0.91 1.06 0.71 0.46 0.46 1.92 1.82 1.82 1.56 0.92 1.75 0.65 2.39 0.76 1.90 2.81 1.29 1.00 0.82 2.99 2.66 2.96 2.18 1.56 1.65 0.69 1.68 1.62 1.15 
0.59 1.83 1.33 1.73 1.06 0.40 0.40 1.56 1.21 0.85 1.98 1.15 1.09 2.98 2.80 2.15 1.97 1.99 1.77 2.39 1.53 2.48 2.87 2.98 1.01 0.95 0.42 0.89 1.45 0.91 
1.80 1.02 1.61 1.36 1.01 1.37 0.35 0.96 1.71 0.44 1.80 0.58 2.98 0.64 2.94 1.43 2.97 0.88 0.70 2.96 2.44 1.02 1.49 2.71 1.05 1.85 1.67 1.98 0.91 0.59 
0.34 1.50 0.97 0.99 1.06 1.23 0.73 0.68 1.39 1.99 1.00 1.77 0.65 0.71 1.23 1.80 1.04 2.78 1.52 1.37 1.15 1.90 1.55 2.84 1.23 1.04 0.67 0.77 1.52 1.47 
0.69 1.12 1.94 1.94 0.95 1.14 1.81 1.01 0.92 0.36 0.62 0.80 1.77 2.51 0.89 2.57 1.97 1.52 1.95 2.74 1.31 2.29 1.80 1.76 0.74 1.10 1.50 1.55 1.97 0.75 
1.08 1.50 1.06 1.10 0.74 0.50 1.57 1.65 0.62 0.83 1.54 1.77 0.93 2.15 1.62 2.57 2.34 2.57 1.57 1.24 0.64 1.44 2.94 1.83 1.22 0.99 0.97 0.58 1.23 0.77 
0.85 0.94 1.31 1.97 0.50 1.07 1.12 0.49 0.62 0.39 1.56 0.40 1.02 2.32 1.33 1.23 2.21 0.94 1.81 1.24 2.94 2.95 0.64 0.52 1.10 1.25 1.37 0.50 1.60 0.35 
0.60 0.60 0.39 1.60 0.81 1.61 0.66 0.61 1.21 1.61 1.44 1.32 0.98 2.48 2.43 1.23 2.06 0.98 1.50 0.97 1.73 2.34 0.63 2.46 0.95 0.60 0.85 0.40 0.42 1.85 
0.46 0.75 1.37 1.81 1.45 1.46 0.62 1.25 0.65 0.40 1.04 1.72 0.71 0.60 1.99 2.31 1.97 1.12 1.02 1.23 0.82 2.43 2.84 1.33 1.11 1.76 1.27 1.65 1.29 1.14 
1.17 1.47 0.56 1.18 1.31 0.82 1.60 1.08 0.43 1.70 1.04 1.21 1.12 2.79 1.55 0.69 2.80 2.68 2.92 0.61 2.57 1.45 1.29 2.33 1.65 0.95 0.75 1.94 1.36 1.53 
0.63 1.12 1.78 0.84 1.77 1.96 1.64 1.91 1.13 0.75 1.14 1.91 1.67 2.29 2.84 1.97 1.29 1.84 1.43 1.23 0.74 0.55 0.54 2.65 1.68 0.85 0.83 1.85 1.89 0.57 
1.33 1.08 1.89 1.03 0.62 0.71 1.30 0.43 1.92 0.43 1.77 1.53 2.52 2.93 1.10 0.75 2.30 2.29 1.37 1.36 2.67 2.70 1.81 0.66 0.34 1.27 0.62 1.33 1.53 0.39 
1.34 0.99 0.50 0.40 0.76 0.69 1.85 0.56 0.34 0.92 1.97 1.92 1.11 1.25 0.93 2.39 2.47 0.64 1.60 2.57 2.24 0.91 1.43 1.92 0.51 1.37 1.98 0.84 0.56 0.88 
0.83 1.14 1.89 1.43 1.39 1.66 1.41 1.52 0.95 1.71 1.37 1.31 0.65 1.52 1.57 2.36 1.34 2.30 0.75 1.71 0.93 0.79 1.78 1.51 1.62 0.89 0.94 0.49 0.62 1.64 
0.56 1.71 0.44 1.99 0.83 0.62 1.71 1.72 0.75 0.89 1.71 1.60 1.90 1.99 1.99 2.29 2.96 0.87 2.96 2.88 1.43 1.64 0.71 0.89 1.78 0.56 1.01 0.96 1.28 1.26 
1.64 1.48 1.41 1.95 1.97 1.92 1.25 0.71 0.38 1.81 0.69 1.62 1.71 1.55 1.70 2.12 2.93 0.93 1.67 0.66 1.12 2.49 0.52 2.43 0.94 0.40 0.60 0.95 1.34 0.76 
0.60 1.38 1.17 1.50 1.17 1.04 1.08 0.48 0.43 1.22 1.17 1.57 2.43 2.98 1.99 0.71 2.48 0.65 2.12 0.87 2.65 1.07 0.68 2.67 1.27 0.86 1.77 0.51 1.18 1.06 
0.75 1.71 0.96 1.06 0.62 1.78 0.42 1.76 1.86 1.89 1.56 1.24 1.34 2.88 1.09 2.46 2.24 2.69 2.95 1.68 1.12 1.42 0.77 2.92 1.86 0.38 1.53 0.58 1.98 0.98 
1.02 1.50 0.40 1.64 1.59 1.86 0.55 0.68 0.68 1.14 0.40 0.91 1.01 1.24 2.86 1.52 1.58 2.99 2.43 2.63 1.53 2.33 1.59 2.57 0.84 1.80 1.56 0.43 1.29 1.64 
1.62 1.02 0.76 1.01 1.63 1.71 1.94 1.06 1.65 0.43 1.14 1.63 2.70 2.47 2.49 1.61 1.68 2.39 1.49 1.07 2.80 1.83 2.93 2.74 1.85 0.59 1.70 1.05 1.71 0.68 
0.42 0.83 1.92 0.84 1.83 0.96 1.18 0.83 0.95 0.71 1.29 1.12 1.91 2.58 2.30 0.74 2.58 2.99 1.99 1.11 0.88 2.91 2.79 1.97 0.42 1.87 0.59 0.84 0.71 1.60 
1.14 0.78 1.83 1.81 1.21 1.33 0.39 0.99 0.92 1.86 1.28 1.80 2.46 2.83 2.12 2.15 2.44 1.77 1.56 1.11 2.87 1.90 1.07 1.46 1.83 1.77 0.43 1.02 0.52 1.71 
1.81 1.61 1.47 1.29 0.44 0.75 0.88 0.98 1.33 0.98 0.61 0.47 0.66 1.84 1.93 2.56 1.14 1.58 2.81 1.87 1.20 2.57 0.85 1.31 0.74 1.98 1.86 1.95 1.63 1.86 
0.56 1.61 1.64 1.95 1.68 1.26 1.82 1.05 1.99 1.50 1.54 0.53 2.33 0.89 1.58 1.03 2.87 2.25 2.05 1.45 0.88 1.50 1.79 1.52 1.05 0.61 0.43 0.39 1.86 1.97 
1.22 0.34 0.51 1.06 1.78 1.64 0.80 1.31 1.01 1.77 0.74 0.95 1.71 1.04 1.60 1.75 0.82 0.62 2.07 1.04 1.44 2.98 2.93 2.21 1.25 1.51 0.88 0.84 1.41 1.56 
1.00 1.71 0.55 1.94 1.64 1.91 1.70 0.51 1.56 1.98 1.33 1.34 2.87 0.54 2.93 1.29 0.62 1.71 0.93 1.86 2.70 2.06 0.82 2.38 1.23 0.88 0.96 1.89 0.59 1.37 
1.41 0.73 0.74 1.56 0.42 1.88 1.39 1.65 1.21 1.53 0.52 1.04 1.79 2.52 1.42 1.58 1.99 2.26 0.94 0.71 1.61 2.12 1.12 2.36 1.72 1.65 1.68 1.04 1.14 1.06 
0.62 1.71 0.35 1.74 1.59 0.97 1.07 1.70 0.60 1.58 0.44 1.78 1.99 1.81 1.27 1.81 1.15 0.82 1.97 1.15 1.33 2.94 1.51 2.84 0.62 0.82 1.21 1.03 1.31 1.04 
1.92 1.92 0.84 0.69 0.91 1.64 1.62 1.53 0.37 0.53 0.55 0.84 2.43 1.45 2.79 0.85 1.28 1.03 2.88 1.42 1.82 2.29 0.51 1.88 0.58 1.53 1.53 1.95 1.11 0.82 
1.26 0.82 0.95 0.38 0.59 1.66 0.74 0.35 0.50 1.47 1.14 1.12 2.99 2.52 2.02 2.98 1.81 2.65 0.85 1.97 1.91 0.71 1.45 0.64 0.35 1.07 0.95 0.88 0.43 1.59 
0.37 1.83 1.31 0.87 1.67 0.34 1.40 0.71 0.68 1.22 0.76 1.71 1.52 0.58 0.65 0.58 1.61 2.99 1.61 1.45 1.81 0.51 1.56 1.71 1.70 1.56 0.51 1.32 1.23 0.46 
1.01 1.78 1.36 1.98 1.96 0.95 1.83 1.83 0.94 0.87 1.82 1.86 1.99 1.83 2.70 2.95 2.65 2.57 2.68 2.34 0.52 2.80 1.28 0.88 1.59 1.47 1.53 1.11 1.27 1.19 
1.72 0.42 0.51 1.99 1.47 0.80 0.73 0.53 1.00 1.62 0.55 0.88 1.62 0.87 1.60 2.19 1.33 0.79 2.98 0.99 0.58 1.77 1.29 2.16 1.71 1.42 1.54 1.36 1.53 1.02 
1.07 1.96 0.60 1.23 1.37 0.74 0.38 0.89 1.44 1.98 0.76 0.91 1.12 0.93 1.89 0.88 0.75 1.99 1.44 1.51 1.60 2.57 2.34 1.14 1.27 1.96 0.57 0.91 0.42 1.14 
0.63 1.90 1.38 0.75 0.58 0.76 0.45 1.59 1.89 0.59 0.36 1.03 2.96 0.75 2.02 1.90 2.96 0.66 2.54 0.82 2.51 0.52 0.62 1.36 0.64 1.72 1.89 0.69 0.82 1.78 
1.05 1.86 0.43 0.90 1.65 0.38 1.79 1.31 0.46 1.81 0.95 1.80 2.74 2.41 0.85 0.74 1.61 2.77 1.59 2.89 0.69 1.88 1.11 2.88 0.75 1.72 1.98 1.53 0.59 0.43 
1.72 1.57 1.85 0.99 1.01 1.21 0.84 0.51 1.78 1.85 1.21 1.08 2.79 0.85 2.99 2.05 1.15 2.65 2.33 1.60 1.52 1.62 2.26 0.82 1.98 1.14 1.21 1.81 0.42 1.41 
1.61 0.34 0.51 0.69 0.62 0.69 1.68 1.53 0.68 0.84 0.95 0.71 2.43 2.04 1.32 2.15 1.77 2.96 1.38 1.33 2.75 2.34 1.23 2.72 1.70 1.06 1.71 1.06 0.47 0.34 
0.82 0.46 0.89 1.95 0.71 1.20 1.36 1.15 0.84 0.48 1.68 1.71 1.59 0.57 2.87 1.24 2.94 2.87 1.61 2.35 2.10 2.17 1.33 0.71 1.68 1.40 1.61 1.53 1.71 0.46 
1.78 1.65 1.25 1.65 1.98 0.62 1.25 1.36 1.29 0.59 1.05 1.28 1.36 2.80 0.65 0.69 2.59 1.60 2.05 2.46 1.61 1.20 1.95 0.60 0.73 0.45 1.47 1.91 0.44 0.92 
0.95 1.05 0.38 1.71 0.43 1.31 0.84 1.82 1.08 1.60 0.91 1.37 2.42 0.79 2.07 1.55 1.50 0.69 1.86 2.39 1.79 0.97 2.41 2.94 1.21 1.53 0.92 0.50 0.97 0.65 
1.18 1.55 0.59 0.67 1.17 0.51 0.86 1.21 0.52 1.92 0.95 1.64 0.54 0.58 1.38 1.26 0.71 1.26 1.11 2.15 1.90 1.36 0.85 1.04 0.92 1.81 0.56 1.13 1.50 0.42 
1.44 0.88 1.04 1.81 0.47 0.40 1.01 1.59 0.95 0.99 1.92 1.59 2.86 2.63 0.92 1.59 2.25 0.57 1.79 1.76 2.94 2.50 1.29 2.78 1.07 0.58 1.41 1.08 1.78 0.68 
1.37 1.54 1.97 1.59 0.82 1.44 0.92 0.44 0.46 0.67 0.40 1.30 2.67 2.18 1.32 0.85 1.67 2.44 0.88 1.35 1.90 0.59 2.36 1.03 1.77 0.91 1.43 1.01 1.33 1.17 
1.47 0.47 0.44 0.95 1.53 1.77 0.40 0.61 0.95 1.42 1.47 0.77 1.32 1.35 0.59 1.21 2.31 2.52 1.07 2.56 2.87 2.51 1.51 0.66 0.67 0.81 0.63 0.97 0.71 0.95 
0.88 0.82 0.37 0.44 1.71 1.36 1.05 0.99 0.71 1.25 1.92 0.59 1.57 2.99 1.56 0.59 2.79 2.34 1.14 2.25 0.89 1.04 1.84 0.77 1.68 1.34 0.39 0.91 1.86 1.85 
1.77 1.53 1.87 0.34 0.49 1.57 0.80 1.81 0.82 1.62 1.62 0.43 1.30 1.04 1.99 2.65 1.15 1.56 1.62 1.70 1.26 1.97 1.73 2.63 1.06 0.82 0.86 1.64 0.52 1.32 
1.53 1.75 1.56 1.99 1.22 0.75 0.45 1.67 1.94 0.64 1.84 1.85 1.15 1.32 2.68 1.14 0.90 2.88 0.66 2.75 0.89 2.39 0.58 2.45 1.90 0.82 1.62 1.78 1.32 1.98 
1.81 1.39 0.49 0.40 1.57 0.89 0.71 1.21 1.17 0.74 0.88 0.80 1.11 1.30 2.26 2.48 0.52 1.52 2.06 1.20 1.37 1.49 0.69 0.60 0.59 1.72 0.88 1.47 1.97 0.34 
0.80 0.58 1.37 0.89 1.59 1.53 1.86 1.98 0.84 1.72 1.05 0.82 1.29 2.56 2.62 1.42 1.99 1.69 2.34 1.73 1.67 2.18 2.33 2.94 1.25 1.91 1.20 0.59 0.86 0.57 
1.10 1.28 0.59 1.55 0.53 0.53 1.17 1.82 0.72 1.53 1.27 0.52 1.49 0.83 0.52 2.87 0.66 2.39 2.52 1.36 0.89 1.49 1.32 0.93 1.02 0.50 1.98 1.29 0.63 0.74 
1.05 0.74 1.25 0.66 1.79 1.92 0.36 1.72 1.43 0.50 0.61 0.82 1.48 2.89 0.74 0.79 0.69 0.90 0.65 2.21 1.47 1.99 1.28 2.17 0.34 1.86 1.44 1.98 0.58 0.43 
1.51 1.77 0.40 0.50 0.86 0.99 0.83 1.40 1.57 1.29 0.94 0.84 2.74 2.31 1.57 2.23 1.77 1.88 1.36 2.47 2.57 1.50 0.82 1.15 1.18 0.85 1.14 1.04 1.85 1.59 
1.72 0.77 0.74 1.14 1.92 1.25 1.44 1.31 0.56 1.92 1.78 0.40 1.35 1.43 1.60 2.95 1.27 0.75 0.71 2.39 1.81 1.27 0.82 1.29 1.58 0.74 1.03 0.71 1.38 1.01 
1.06 1.96 1.83 0.83 1.02 1.23 0.51 1.61 0.63 1.68 1.72 1.06 2.15 1.13 2.77 2.56 1.75 1.38 1.57 0.52 0.64 1.47 2.18 2.21 0.96 1.21 1.83 1.62 1.27 1.65 
1.45 1.12 1.05 0.72 1.53 0.52 1.62 1.91 1.00 0.83 1.95 0.76 2.57 1.41 1.15 1.68 1.04 2.12 2.29 0.57 2.41 0.57 2.57 1.93 1.02 1.33 0.78 1.80 1.45 1.27 
1.61 1.68 0.46 0.78 0.60 1.61 0.88 1.05 1.50 1.43 0.77 1.77 1.24 0.58 1.24 0.59 1.28 1.93 0.52 1.56 1.50 0.65 1.42 2.15 1.98 1.99 0.86 1.99 0.73 0.40 
0.76 0.59 1.77 0.91 1.90 1.45 0.84 1.72 0.77 1.94 0.51 1.37 1.67 2.13 2.44 1.34 1.90 0.58 1.24 2.79 1.60 1.14 1.03 1.55 1.68 1.65 0.59 1.17 1.98 1.78 
1.71 0.88 1.15 0.59 0.95 0.83 1.27 1.67 1.11 1.60 1.29 1.65 2.87 1.97 0.74 2.99 2.13 0.63 1.36 2.17 2.05 2.00 2.78 1.42 1.31 1.90 1.65 1.85 1.56 0.88 
0.34 1.11 1.81 1.77 0.95 0.58 1.71 1.14 0.72 0.73 1.14 1.68 0.85 0.82 2.38 2.25 2.52 1.32 2.06 1.28 1.97 2.19 2.05 0.64 1.07 1.18 1.28 0.91 1.55 1.82 
1.61 1.77 1.18 1.56 0.88 1.89 1.95 0.88 1.60 1.08 1.06 1.03 2.45 1.23 2.59 2.21 1.18 2.34 0.71 2.84 1.00 0.52 1.51 0.70 1.98 1.04 1.98 1.65 0.61 1.21 
0.88 1.77 1.54 0.58 1.26 0.68 0.55 1.05 0.69 1.42 0.80 1.92 2.09 0.80 0.55 2.46 1.96 1.64 2.18 2.47 2.67 0.58 1.43 2.00 1.05 0.91 0.59 1.82 1.96 1.83 
1.01 1.59 1.02 0.88 1.06 0.47 0.99 1.30 1.07 1.14 1.04 1.13 1.04 0.87 2.07 0.93 1.56 0.70 2.66 0.65 1.25 2.81 0.97 2.29 1.14 1.02 0.51 1.30 0.92 1.77 
1.04 1.86 1.56 1.23 0.73 1.61 1.22 1.41 1.25 1.41 1.56 0.51 1.15 0.57 0.57 2.00 2.39 1.61 2.96 0.52 0.89 2.79 2.34 2.48 1.50 0.92 0.82 1.97 0.67 0.47 
1.41 1.62 0.40 1.21 1.26 0.37 1.91 0.88 0.99 0.90 1.70 0.76 1.99 1.61 1.94 1.29 1.03 1.43 1.87 2.02 0.74 0.54 2.43 1.56 0.88 1.67 0.88 0.84 1.79 1.08 
1.41 1.02 0.40 1.00 0.58 1.47 0.86 0.86 1.02 0.52 1.78 0.34 2.65 1.89 0.91 2.98 0.57 1.28 1.15 1.33 0.58 0.78 0.75 0.79 1.89 1.20 0.47 0.59 0.67 1.18 
1.20 1.40 1.17 0.45 1.29 1.95 1.82 1.48 1.97 1.86 0.41 1.59 1.99 1.26 1.71 0.93 2.47 2.41 0.54 1.97 2.39 2.73 1.04 1.71 0.53 0.95 1.22 0.38 1.14 0.53 
1.57 0.36 0.97 1.53 1.02 1.65 0.76 1.86 1.77 0.43 0.43 0.97 0.52 2.02 1.71 1.32 2.97 2.34 2.33 2.68 2.68 2.06 1.04 2.78 1.92 0.89 1.38 1.76 1.33 0.52 
0.96 1.11 0.88 1.14 0.47 1.68 0.34 0.75 0.58 1.71 0.58 1.19 1.20 1.70 1.28 2.70 1.59 1.83 2.46 1.09 0.66 1.04 1.89 2.63 1.37 1.53 0.95 0.96 0.46 0.69 
0.46 1.89 0.34 1.58 0.82 1.95 1.13 1.97 1.08 1.29 1.99 0.91 2.56 0.77 0.93 2.64 0.61 1.93 1.52 0.69 2.79 2.65 1.15 1.57 0.66 1.05 0.62 0.69 1.68 1.41 
0.43 1.30 0.75 1.30 0.59 0.91 1.56 1.59 0.68 0.44 1.75 1.02 0.82 0.69 1.14 2.29 1.57 0.77 1.24 2.09 2.57 2.95 1.27 0.99 0.48 1.97 0.58 1.59 1.57 0.50 
1.71 0.48 0.78 1.04 0.47 1.45 1.14 1.95 0.56 1.36 1.20 1.61 2.54 1.95 2.74 1.44 1.71 1.56 1.23 1.14 2.73 2.86 0.89 0.79 0.76 1.15 0.97 0.58 1.71 1.21 
0.50 1.02 0.71 0.81 1.96 1.91 0.82 0.62 0.95 1.33 1.78 0.99 1.67 1.81 1.76 1.20 2.06 2.55 0.63 0.77 1.55 2.29 1.28 1.79 1.13 1.65 1.54 1.99 0.51 1.01 
1.53 1.76 0.63 1.94 1.56 1.74 1.48 1.65 0.60 1.71 1.29 0.52 0.75 1.55 1.71 2.46 0.69 0.79 2.48 2.41 2.55 1.45 1.32 0.61 1.83 0.42 0.74 1.29 1.70 1.11 
1.97 1.17 0.37 0.69 1.92 0.56 0.95 0.58 1.31 1.21 1.70 1.51 1.21 0.77 2.31 0.64 0.82 0.66 1.73 1.06 2.10 2.95 1.24 2.68 0.69 1.54 0.42 1.06 0.95 1.86 
1.03 1.55 1.73 0.40 1.32 1.21 1.57 1.91 1.70 1.53 0.69 0.69 2.46 0.97 0.65 0.93 1.96 0.66 2.12 2.67 0.71 1.49 1.37 2.46 1.43 1.81 0.92 1.56 1.02 1.57 
1.54 0.75 1.72 1.43 1.72 0.84 0.99 1.45 1.97 0.46 1.27 0.40 1.57 1.50 2.12 2.35 2.70 1.36 0.69 1.14 2.96 0.76 1.57 0.58 0.51 1.01 1.07 1.71 0.62 1.41 
1.05 1.29 1.76 0.62 0.60 0.97 1.60 1.31 1.83 1.25 1.86 1.53 1.24 2.99 1.69 1.67 0.77 2.65 1.12 2.34 2.39 0.87 2.70 2.10 1.07 0.97 1.61 0.38 1.50 1.06 
0.82 0.91 1.21 1.55 0.53 0.33 1.21 0.99 1.80 1.80 0.88 0.78 2.51 1.32 1.25 1.35 1.15 1.32 0.83 0.70 1.25 2.52 0.66 0.62 1.40 1.72 1.37 1.47 0.92 1.53 
1.98 1.06 0.65 0.88 1.53 1.94 1.45 1.94 0.36 1.45 0.47 1.25 1.57 0.66 1.59 1.43 1.71 2.96 1.33 2.36 1.42 0.69 2.39 1.76 0.75 0.56 1.56 0.62 0.84 1.32 
1.03 0.38 1.45 0.92 1.41 1.36 1.42 0.36 0.43 1.48 1.99 1.65 0.55 2.52 2.38 0.79 0.82 0.52 0.91 2.39 1.34 1.44 2.89 1.33 0.41 1.78 1.59 0.40 0.65 1.78 
0.59 0.69 0.35 1.82 1.70 1.29 0.92 0.53 1.25 1.02 1.45 0.45 0.71 2.26 0.52 1.15 2.43 1.83 1.50 0.54 2.57 1.08 1.99 1.77 0.75 0.62 0.97 0.58 1.98 0.62 
1.77 1.92 0.43 0.58 0.91 1.54 0.76 1.68 1.81 0.43 0.58 1.30 1.04 1.06 1.02 2.29 1.99 1.01 2.04 1.79 2.04 2.65 2.93 0.94 0.44 1.27 0.74 1.30 1.79 1.17 
1.76 1.44 1.80 1.77 0.87 0.43 1.37 0.90 0.59 0.91 0.59 1.77 0.89 0.50 2.75 0.71 1.53 2.75 0.66 1.83 2.15 2.58 2.72 1.18 0.74 0.58 1.54 0.40 1.03 1.99 
1.44 1.20 1.38 0.60 0.62 0.56 0.57 0.50 1.85 0.58 1.77 1.91 2.97 0.64 1.67 2.34 0.79 2.12 1.75 0.89 1.32 1.99 2.71 1.36 1.26 0.36 0.82 1.14 0.68 1.57 
1.11 0.63 1.59 0.91 1.33 1.21 0.35 1.23 0.40 1.68 0.50 1.26 1.28 0.52 1.41 0.79 1.55 0.92 1.89 0.65 2.18 0.68 2.84 2.18 1.60 1.72 1.10 1.06 0.52 1.20 
0.88 1.80 1.72 1.78 1.75 0.84 1.63 1.00 0.91 1.59 1.56 0.51 0.69 1.62 1.46 1.06 1.62 0.58 2.97 2.58 1.78 2.70 1.67 1.68 1.59 0.95 1.21 0.95 0.88 1.77 
0.85 1.75 0.83 0.56 0.95 1.96 1.71 1.77 1.03 1.64 1.98 1.62 2.57 2.39 2.43 1.33 2.00 0.94 0.76 2.44 0.93 1.14 2.43 1.88 1.80 1.94 1.48 0.51 1.62 0.62 
1.75 0.89 1.70 0.69 1.24 1.54 1.30 1.00 0.55 1.25 0.52 0.88 1.07 0.65 2.16 2.32 0.93 1.37 2.41 1.90 1.81 1.77 2.05 2.95 0.53 1.92 0.78 1.77 0.92 1.54 
0.84 1.78 1.92 0.71 1.56 1.34 0.46 1.50 1.64 1.56 1.34 1.77 1.73 0.54 1.01 2.70 0.93 0.77 1.35 2.18 1.58 2.29 2.69 2.43 0.88 0.43 0.84 0.44 1.04 1.25 
1.71 1.33 0.44 1.89 0.68 0.58 0.61 0.97 1.27 0.47 1.40 1.80 0.87 1.44 2.05 2.44 2.24 0.54 1.37 1.76 1.04 0.94 2.35 1.02 1.04 1.97 0.69 1.86 1.99 0.42 
0.47 1.25 1.65 1.68 0.62 1.29 1.91 1.80 1.03 1.99 1.50 1.22 1.18 0.65 2.64 1.15 2.91 2.67 0.50 2.68 2.39 2.68 2.04 2.10 0.73 0.58 1.31 0.88 0.80 1.77 
1.05 0.61 0.54 0.42 1.14 1.77 1.29 1.21 0.94 1.30 1.72 1.94 1.44 1.33 0.75 2.67 2.04 0.58 2.99 0.74 1.73 0.87 1.14 1.50 0.74 0.67 1.65 0.47 1.94 1.71 
1.68 1.76 0.39 0.52 1.40 1.21 1.76 1.53 0.91 0.59 0.38 1.82 1.59 2.70 1.12 2.80 0.74 2.99 2.72 0.76 1.57 1.76 1.52 0.93 1.78 0.34 1.86 1.08 0.77 1.50 
0.33 1.56 0.57 1.21 0.92 1.91 1.58 1.59 1.68 0.43 1.82 0.71 2.39 1.09 1.52 1.42 0.69 2.60 2.25 2.07 1.49 1.51 0.65 1.40 1.15 1.96 1.25 1.14 1.72 1.00 
1.39 0.74 1.89 0.38 1.22 0.43 1.03 0.47 1.50 1.71 1.28 1.79 2.98 0.64 1.96 1.34 2.68 2.58 0.65 2.46 2.68 0.93 2.58 0.57 0.84 1.05 0.73 1.53 0.81 0.74 
1.86 1.60 0.57 0.46 1.37 1.22 1.34 1.36 0.69 0.69 0.91 1.70 2.35 1.57 2.48 0.80 1.92 2.09 1.87 0.96 2.00 1.93 1.65 0.55 1.14 0.77 0.59 0.71 1.59 1.82 
0.89 0.61 1.89 0.69 0.88 0.44 0.91 1.05 0.57 0.99 0.44 1.31 0.78 1.03 1.13 0.69 0.88 0.75 2.07 2.95 2.16 0.93 2.96 2.34 0.97 1.43 1.72 1.41 1.63 1.05 
0.50 0.89 0.44 0.81 1.89 0.83 0.69 0.56 1.91 1.01 0.85 1.32 1.73 2.07 1.44 0.94 2.55 1.68 2.13 0.97 2.52 0.66 1.52 0.71 1.62 1.98 1.32 1.31 1.61 1.36 
0.51 1.00 0.88 1.18 0.55 0.95 0.82 1.78 1.15 1.82 0.68 1.60 0.65 2.68 1.37 2.39 1.04 1.47 0.68 1.32 0.88 1.93 0.70 1.95 1.99 1.00 1.07 1.50 1.07 1.05 
0.61 0.55 0.58 0.52 1.86 1.70 0.34 1.64 1.29 1.00 1.95 1.96 2.92 1.04 2.29 0.84 2.98 2.26 2.64 1.04 1.37 2.13 2.05 0.62 0.44 1.07 1.03 1.62 1.72 1.75 
1.36 1.80 0.78 1.00 1.29 1.01 1.72 0.76 0.58 1.40 1.78 0.88 0.66 1.42 2.56 0.60 2.36 1.33 1.71 0.87 1.70 2.98 1.82 2.24 1.11 0.84 1.22 0.47 0.63 1.85 
0.43 0.91 0.86 1.29 1.02 1.06 1.17 1.86 0.99 1.45 0.59 1.20 2.64 2.35 1.56 1.96 0.64 1.24 2.34 2.41 0.55 1.99 0.88 0.93 1.80 1.83 0.78 0.95 1.48 0.56 
0.40 0.54 1.03 1.79 1.24 1.43 0.42 0.84 0.62 0.44 0.71 1.77 1.41 0.57 1.02 2.70 2.68 1.94 0.54 2.95 2.80 1.55 1.24 2.57 1.36 0.40 0.39 0.95 1.77 1.72 
1.01 1.77 1.14 1.86 1.59 1.14 0.61 1.98 1.03 0.37 0.95 0.69 0.54 1.57 1.81 2.04 1.96 1.36 0.65 1.79 1.15 2.07 2.36 1.37 0.45 0.53 1.29 0.62 1.62 1.97 
1.39 1.59 0.65 1.90 0.88 0.43 1.86 0.58 1.20 1.86 1.77 0.66 2.30 1.97 2.15 1.36 0.79 2.60 1.43 2.10 2.16 0.58 1.52 2.39 0.40 1.03 1.62 1.91 1.27 0.71 
1.62 1.07 1.26 0.43 1.14 1.90 0.47 1.19 1.44 1.99 1.98 1.77 1.99 1.52 1.47 0.77 0.69 0.77 1.57 2.88 1.81 2.70 2.04 1.50 0.92 0.57 0.84 1.14 0.57 1.72 
1.57 1.04 1.33 1.05 1.20 1.03 0.85 1.06 1.85 1.13 0.46 1.56 0.89 1.02 0.93 2.45 1.98 0.61 1.20 2.52 0.94 0.75 0.71 2.36 0.61 0.69 1.32 0.82 1.79 1.21 
1.68 1.48 1.90 0.67 0.40 0.36 0.60 1.06 0.68 0.88 1.41 0.91 1.31 2.92 1.23 1.50 1.03 2.96 1.88 2.68 2.99 1.97 2.16 2.68 0.95 0.52 1.32 1.50 1.86 0.97 
0.76 1.65 1.70 1.55 1.53 0.53 0.51 0.36 0.40 1.59 1.65 1.05 1.92 2.34 2.43 2.42 2.33 1.71 1.97 2.39 0.92 1.42 0.88 0.74 1.13 0.39 1.41 1.55 1.77 1.33 
1.72 0.50 1.14 0.56 1.33 1.17 1.21 1.84 0.61 0.61 1.05 1.21 2.93 0.52 1.55 2.72 0.58 0.79 1.11 1.61 2.16 2.56 2.49 0.77 1.01 0.52 0.66 1.36 1.47 1.04 
1.31 0.91 1.65 0.82 0.58 1.33 0.39 0.67 0.86 0.86 0.76 1.77 1.76 0.59 2.26 1.11 2.29 1.29 0.75 2.68 2.19 0.85 0.85 1.42 0.91 0.44 0.95 1.24 1.44 1.05 
0.40 1.94 1.53 1.31 1.95 1.04 0.88 0.41 1.61 1.60 1.17 1.56 1.71 0.76 0.50 2.15 2.26 1.11 0.88 2.89 2.06 0.50 0.89 1.06 1.05 1.51 0.63 1.77 1.67 0.36 
1.94 1.53 0.84 1.37 0.59 1.64 1.23 1.73 1.85 0.99 1.60 0.77 1.11 2.18 1.55 2.39 2.02 1.97 2.75 0.88 2.16 0.74 0.76 1.45 1.21 0.88 1.36 1.56 0.44 0.59 
0.44 1.50 0.57 1.98 0.91 1.55 0.83 1.51 0.80 1.25 1.75 1.78 2.05 0.65 0.65 1.84 0.71 1.04 2.74 2.57 1.95 0.54 1.99 2.94 1.53 1.76 0.53 1.89 0.83 1.29 
1.31 0.67 0.44 0.83 1.65 0.63 1.41 0.84 1.81 0.40 0.74 1.78 1.23 1.06 1.86 2.75 2.95 1.90 1.97 1.52 1.42 2.34 2.79 2.87 1.53 0.95 0.43 1.37 1.63 0.69 
1.65 1.21 1.99 1.76 1.94 0.46 1.96 0.58 1.13 1.78 0.91 1.91 0.89 0.66 0.70 2.47 1.91 1.04 1.99 2.48 2.25 0.78 1.32 2.63 0.65 1.50 1.92 0.53 0.61 0.84 
0.53 1.41 0.97 0.94 1.00 1.30 1.43 1.59 1.03 0.86 0.61 1.12 0.52 2.97 1.44 0.77 1.11 1.90 2.32 1.42 1.50 2.39 0.83 2.93 0.66 1.72 0.65 1.17 1.71 0.52 
1.76 1.71 0.52 1.52 0.44 1.57 0.76 1.85 0.59 1.68 0.69 1.46 2.41 1.67 2.93 0.88 2.65 1.37 2.66 1.45 0.85 1.25 2.36 1.25 1.68 1.14 1.29 1.68 1.08 1.65 
1.57 1.89 1.78 1.96 1.20 0.66 1.71 0.61 1.68 1.14 0.47 1.13 1.53 2.65 2.93 2.70 1.03 1.38 1.43 2.55 1.28 2.93 0.87 0.65 0.52 0.49 1.97 0.83 1.75 1.61 
1.74 0.44 0.84 1.25 1.71 0.47 0.50 1.71 0.45 0.51 1.98 1.47 2.80 0.75 1.93 0.87 1.59 0.71 0.66 1.37 0.62 1.36 2.56 1.21 1.64 1.53 1.98 0.88 0.88 1.23 
1.53 1.76 0.60 1.47 0.91 1.25 1.81 1.25 1.38 1.06 1.10 1.47 2.89 2.51 2.70 1.06 0.83 1.50 1.07 2.43 0.75 2.59 1.55 1.60 1.00 1.53 1.17 1.51 0.59 1.99 
1.54 1.06 1.98 0.95 0.90 1.70 0.52 0.57 1.40 0.71 1.02 1.56 1.99 1.37 1.04 0.71 2.79 2.24 2.26 0.97 1.41 1.73 2.95 1.91 0.39 1.70 1.45 0.38 1.36 0.42 
1.53 0.95 1.04 0.63 0.67 0.40 0.73 1.25 1.10 0.83 1.96 1.13 0.94 1.61 2.31 0.55 1.13 0.63 0.98 1.59 2.29 1.46 2.43 2.35 1.32 1.56 0.97 1.31 1.12 0.61 
0.52 0.67 0.58 0.39 1.43 1.99 1.44 1.46 0.46 1.56 1.01 1.77 2.52 0.93 1.33 1.67 2.62 1.49 0.60 2.41 1.14 2.79 1.62 1.34 1.29 0.36 0.92 1.17 1.53 0.75 
0.91 0.45 1.15 1.45 0.34 0.44 1.48 1.25 1.78 0.42 1.37 0.82 1.29 2.80 2.34 2.09 0.75 2.96 1.07 1.94 0.93 2.81 0.57 1.99 0.34 0.91 0.51 0.71 0.89 0.39 
0.80 1.83 1.17 1.19 1.72 1.37 1.98 1.53 1.12 1.53 1.85 0.47 0.87 0.91 1.29 1.51 0.97 1.37 1.69 2.39 1.89 2.91 2.39 0.59 1.77 1.29 1.71 1.47 1.45 1.40 
1.78 1.57 0.69 1.53 0.59 1.94 0.95 1.00 1.98 1.97 1.83 0.43 1.58 1.86 2.36 1.55 1.44 1.34 1.24 2.45 1.26 1.61 1.15 1.38 1.68 1.81 1.29 0.55 1.64 1.98 
1.84 1.59 1.21 1.92 1.67 0.46 1.88 1.78 1.03 0.34 0.75 1.07 1.42 2.94 0.77 0.77 2.16 1.50 2.95 1.73 2.25 0.52 1.52 1.28 1.65 1.32 1.80 1.64 1.89 1.86 
0.97 1.13 1.53 1.07 0.41 0.49 0.44 0.45 1.67 1.80 0.83 1.31 2.51 1.15 2.41 2.35 2.34 0.69 2.97 1.04 0.55 1.41 0.93 2.70 1.54 1.97 1.92 0.59 0.82 1.14 
0.43 1.14 1.01 1.59 1.31 1.44 0.58 1.57 1.99 1.59 0.44 0.92 2.70 2.59 2.71 0.92 2.29 2.17 1.44 2.65 1.03 1.97 2.66 0.79 1.60 0.45 1.75 1.21 1.64 0.53 
0.87 0.50 0.78 1.32 0.39 1.71 1.92 1.08 1.82 0.53 1.78 1.50 1.71 1.76 1.33 2.02 1.11 1.99 2.07 1.27 0.99 0.66 1.57 1.07 0.64 1.03 0.46 1.21 0.86 0.99 
0.84 1.83 1.47 0.45 1.07 0.91 0.35 1.85 0.51 1.65 1.81 1.23 2.41 0.61 2.31 2.29 2.58 0.76 1.04 2.69 2.93 0.65 2.83 1.96 1.04 1.59 1.30 1.78 0.83 0.82 
0.51 1.64 1.72 0.46 0.51 1.70 0.43 1.41 0.82 1.56 0.35 0.54 1.79 2.73 2.39 1.57 0.88 1.89 2.58 1.24 1.67 1.84 2.12 2.68 1.98 0.44 1.71 0.50 1.14 0.88 
0.91 0.82 1.60 1.55 0.77 0.42 0.87 1.75 0.44 1.01 0.34 0.55 1.97 1.50 2.06 0.98 1.88 1.32 2.58 2.78 1.79 2.06 1.24 0.71 1.82 1.39 1.04 0.41 0.34 0.89 
1.72 0.96 0.68 0.68 1.22 1.88 0.90 1.12 1.28 1.53 1.48 1.94 0.82 1.32 1.60 1.93 0.85 0.70 2.65 1.42 2.69 1.14 0.64 2.56 0.56 1.05 0.69 0.47 1.72 1.70 
0.36 1.70 0.69 1.26 0.83 0.75 0.58 1.62 0.68 1.41 0.77 1.94 2.10 1.82 2.48 2.89 1.37 1.60 1.88 2.19 2.05 1.81 2.12 2.23 0.43 1.71 1.48 0.77 1.92 0.40 
0.90 0.33 0.95 1.62 1.86 1.18 0.59 0.37 1.10 1.78 1.33 0.37 1.59 0.88 0.59 0.94 0.97 2.87 1.12 0.64 0.82 1.00 1.81 2.62 0.47 0.53 1.32 1.36 1.34 0.43 
1.38 1.79 0.68 1.25 0.69 1.05 0.75 0.46 0.56 1.43 1.40 0.55 0.66 2.47 0.79 0.92 2.43 1.71 0.71 1.60 2.67 2.67 2.39 2.48 1.10 0.80 1.57 0.47 1.95 1.50 
1.07 0.82 1.31 1.41 1.21 1.88 0.84 1.90 0.89 1.98 0.88 1.96 1.43 2.06 1.51 2.39 0.74 1.56 1.77 0.61 2.44 1.24 0.89 2.43 0.63 0.82 1.26 1.07 1.40 0.96 
0.91 1.05 1.26 0.86 0.61 0.74 0.56 1.74 1.67 0.51 0.39 1.54 2.88 1.75 2.48 0.85 1.37 0.66 2.34 0.67 1.75 2.48 2.00 1.80 1.02 1.50 1.72 0.58 0.84 0.63 
0.66 1.01 1.77 0.91 1.19 0.62 1.99 1.17 1.38 0.34 1.92 1.18 2.04 2.29 0.92 2.00 0.94 2.92 1.46 2.39 1.99 2.39 1.76 2.43 0.82 0.86 0.78 0.58 1.23 1.94 
0.85 1.84 0.60 1.37 1.30 1.53 0.58 1.08 0.88 1.92 0.95 0.88 1.55 0.85 2.21 2.69 1.45 2.69 0.88 1.55 2.46 1.60 1.84 0.78 1.48 0.89 0.83 1.59 0.86 0.91 
1.00 1.45 1.63 0.61 1.19 1.15 0.91 1.37 0.82 0.75 0.62 1.96 1.37 2.34 2.84 1.04 2.13 2.23 1.02 2.71 2.45 1.45 0.68 1.91 0.52 1.50 1.23 1.81 1.96 1.92 
0.35 0.40 1.34 1.29 1.76 1.99 0.55 1.56 0.44 0.85 0.83 1.08 2.39 2.96 1.59 0.84 1.92 2.63 2.54 2.54 0.91 1.26 1.57 1.12 1.26 1.92 1.18 1.05 1.72 1.98 
1.86 1.59 1.86 0.68 0.88 1.78 1.19 1.91 1.01 0.62 0.47 1.36 2.25 1.40 1.28 1.12 1.67 0.52 1.99 1.59 2.52 1.48 1.12 2.65 0.40 0.60 0.91 0.47 0.69 0.60 
0.42 0.38 1.18 1.14 1.32 1.01 1.74 0.68 0.73 0.51 0.75 0.82 0.65 1.91 1.57 1.42 1.28 2.18 2.54 1.55 1.79 1.53 2.21 2.79 1.41 0.47 1.73 0.83 0.65 0.92 
1.31 1.62 0.59 1.31 0.92 0.69 1.42 1.43 1.14 1.80 1.02 1.41 0.58 1.03 1.29 1.81 1.93 0.85 1.99 1.93 2.91 1.52 2.41 2.32 0.82 1.91 0.69 1.87 1.62 0.97 
0.34 0.43 1.53 1.52 1.50 1.07 0.58 0.86 0.33 1.71 0.42 0.59 2.68 2.68 0.79 1.61 1.12 1.93 2.07 2.55 2.29 1.24 1.17 0.88 0.51 0.76 0.83 0.43 1.72 1.04 
0.91 1.33 0.38 0.56 0.73 1.71 1.28 1.07 1.56 1.68 0.94 1.75 2.77 2.38 0.83 1.99 1.36 1.69 0.61 0.59 0.77 0.89 1.12 0.90 0.75 1.77 1.14 1.10 0.45 0.85 
1.01 0.63 1.77 1.60 1.59 1.14 0.34 0.95 1.06 0.92 0.47 0.91 2.80 2.12 1.71 2.46 0.58 2.34 1.62 2.33 2.10 2.92 2.74 2.56 1.78 0.89 0.76 1.73 0.45 1.59 
0.58 0.59 1.11 1.33 0.64 1.25 1.33 0.67 0.42 1.77 1.01 1.45 1.82 1.84 2.16 2.58 1.99 2.34 2.98 1.71 1.97 1.95 2.56 2.93 1.82 1.42 0.75 1.53 0.80 1.01 
1.86 1.53 0.86 1.05 0.53 1.71 1.87 1.82 0.46 1.81 0.86 0.66 0.75 1.83 2.57 0.77 2.69 0.88 1.37 2.41 2.42 1.26 2.56 2.58 1.98 1.76 1.44 0.96 0.50 1.94 
0.99 1.37 1.71 1.59 0.99 0.60 1.10 0.91 1.91 1.80 1.89 0.50 1.28 2.46 1.49 1.37 1.45 0.60 1.37 2.32 2.79 1.17 2.05 1.38 1.97 0.40 1.22 1.62 1.12 1.65 
1.63 0.91 1.26 0.34 0.55 0.39 1.28 0.97 0.88 0.40 1.72 1.50 1.14 2.35 2.48 2.88 1.36 1.12 1.55 2.98 2.45 2.07 2.05 2.64 1.61 0.56 1.67 1.96 1.48 1.82 
1.80 0.69 0.89 0.50 1.34 1.80 1.57 0.85 1.59 1.00 0.71 1.48 2.35 2.21 0.77 1.95 1.13 1.91 2.59 2.97 2.72 2.33 1.13 1.37 0.68 1.14 0.52 1.30 1.56 1.31 
1.50 1.29 1.65 0.41 0.45 1.59 1.80 1.91 1.04 1.82 1.06 1.25 2.98 1.81 1.55 1.33 0.89 2.18 2.94 0.74 1.15 2.41 2.75 1.61 0.85 0.65 1.45 1.99 0.51 1.85 
1.05 1.97 0.64 1.29 1.85 0.81 1.21 0.67 0.58 1.94 1.07 1.41 2.72 2.70 1.14 2.25 1.36 0.96 1.27 0.62 2.85 1.37 0.77 2.65 1.50 0.71 1.62 0.99 0.91 1.20 
1.25 1.44 0.47 1.98 0.69 1.88 1.85 1.01 1.95 1.65 0.83 0.84 2.58 1.37 2.23 2.25 1.41 1.23 1.23 2.39 2.38 1.57 2.72 0.61 0.72 0.80 1.15 1.02 0.86 1.96 
1.21 0.45 0.51 1.61 1.98 0.82 1.59 1.41 0.42 1.98 1.59 1.14 1.97 2.65 2.96 2.93 0.75 1.17 2.52 0.93 0.77 1.10 1.26 0.92 1.65 1.92 1.18 1.59 0.94 0.42 
1.77 1.14 1.77 1.78 1.59 1.44 0.92 0.47 1.01 0.86 0.40 0.95 1.57 2.84 2.96 1.97 2.62 1.99 0.88 2.38 2.60 2.75 2.92 1.49 0.78 1.70 1.34 0.41 0.97 0.33 
0.51 1.68 0.68 1.70 1.32 1.98 1.66 0.75 1.64 0.72 0.66 0.99 2.69 0.52 2.64 2.48 0.85 1.78 2.83 1.71 2.51 1.00 1.02 0.77 1.31 1.21 1.86 1.72 0.67 1.81 
0.82 0.68 0.47 1.29 1.98 1.26 1.28 0.84 1.04 1.79 0.95 0.52 0.85 2.38 2.79 2.72 1.28 2.38 2.99 1.37 2.29 2.33 2.35 0.74 0.40 1.85 0.60 0.59 0.80 1.48 
0.53 1.98 1.15 0.68 1.57 0.59 0.51 1.85 0.35 0.62 1.70 1.72 2.55 1.30 2.56 2.10 2.77 0.76 1.21 1.23 0.85 1.50 0.82 0.93 1.52 0.67 1.53 1.96 1.65 0.53 
1.55 1.60 0.87 1.80 0.50 0.36 1.21 0.83 0.34 0.59 1.10 1.32 1.81 1.98 1.97 1.24 1.32 1.93 0.59 1.59 0.98 2.38 1.62 0.74 0.77 1.81 1.53 1.21 1.53 0.57 
1.38 0.90 1.29 0.75 0.59 1.04 1.31 1.71 1.36 1.68 1.59 0.58 0.91 0.68 1.69 2.39 2.01 2.98 1.11 0.64 1.79 1.11 1.57 1.80 0.36 1.55 1.60 0.37 1.76 0.99 
1.48 1.91 0.89 1.83 0.45 0.59 0.51 1.50 1.80 1.25 1.31 1.58 2.63 2.52 2.96 1.51 2.67 1.04 2.68 1.37 1.10 0.93 1.71 2.36 0.35 0.95 0.40 1.53 0.34 1.50 
0.62 1.34 0.38 0.84 1.59 1.63 0.74 0.44 1.25 1.33 1.24 0.44 2.56 1.14 1.52 2.80 2.29 0.82 1.37 2.41 2.39 1.57 1.30 2.47 0.58 0.40 1.73 1.04 1.31 0.75 
0.86 1.59 1.56 1.98 0.80 1.47 0.71 0.91 0.63 1.30 1.98 1.79 0.52 1.57 1.59 1.52 1.37 1.24 1.97 2.10 1.15 1.14 1.23 1.24 1.32 1.71 1.84 1.71 1.25 1.77 
1.63 0.67 0.44 0.60 1.05 0.81 0.59 1.50 0.77 1.21 1.80 0.71 1.26 2.77 1.52 1.36 1.43 0.65 1.56 2.26 1.38 0.55 2.90 0.89 1.30 0.71 1.33 0.39 0.38 1.68 
1.62 1.78 0.58 1.41 1.83 1.65 0.58 1.03 1.31 1.31 1.95 0.91 0.65 1.55 2.92 2.59 2.06 2.98 0.85 0.66 2.94 1.65 1.18 2.91 1.21 1.08 1.57 1.80 0.35 0.95 
1.62 1.32 1.67 1.06 1.64 1.83 1.30 0.63 0.43 0.39 0.59 1.59 1.10 2.69 2.98 0.94 1.24 0.77 0.66 2.01 1.57 2.58 1.89 0.82 1.72 1.71 0.90 0.94 1.66 0.68 
1.27 1.68 1.31 0.76 0.92 0.87 1.67 1.95 1.08 1.33 0.99 1.31 2.70 2.55 2.65 2.66 0.89 1.28 1.53 1.61 1.94 1.50 0.97 2.55 0.78 1.82 1.56 1.27 0.44 1.86 
0.62 0.77 0.40 0.77 1.18 0.62 1.45 0.41 1.91 1.50 1.71 0.46 1.28 2.77 1.71 1.03 2.79 2.25 1.57 0.66 1.37 1.46 1.68 1.61 1.62 1.03 0.65 0.57 1.26 1.05 
1.27 1.83 0.85 1.59 1.45 0.69 1.64 0.44 0.60 1.07 0.53 0.43 0.76 0.63 0.69 1.44 2.47 1.55 2.92 2.19 1.11 1.65 2.43 2.86 1.96 0.71 0.95 1.33 1.98 1.77 
1.22 0.91 1.63 0.52 1.20 1.82 1.54 0.86 1.44 1.79 0.84 1.81 1.56 2.89 1.37 2.57 1.55 2.30 2.13 1.02 1.97 0.93 0.58 0.58 0.50 0.77 1.40 1.54 0.43 0.64 
1.86 1.44 0.86 1.02 0.88 0.56 1.54 0.59 1.37 1.71 0.99 0.98 2.18 1.77 0.92 2.80 2.35 2.39 2.78 1.50 1.59 1.08 1.23 1.21 0.51 0.67 0.44 0.51 0.54 1.43 
0.88 0.71 1.53 1.20 1.17 1.30 1.59 0.75 1.70 0.76 1.37 1.20 1.26 1.96 1.32 0.52 1.69 0.74 0.84 2.41 1.23 0.74 2.70 1.11 1.36 0.74 1.27 0.57 0.83 1.71 
0.58 0.52 1.59 0.35 1.17 1.86 0.83 1.50 0.59 0.91 1.33 1.05 2.43 2.51 2.68 2.71 1.37 2.31 0.55 1.38 2.98 0.82 1.61 2.46 1.34 1.36 1.59 0.53 1.68 0.92 
1.26 1.46 0.80 1.61 1.76 1.82 1.77 0.59 0.47 0.60 1.13 1.55 1.69 2.21 1.15 1.71 0.71 1.93 0.87 1.60 0.61 1.18 0.76 1.36 1.97 0.60 1.65 1.99 1.91 0.71 
1.23 1.64 1.64 1.70 1.32 1.05 0.74 1.59 1.99 1.88 1.01 1.14 1.04 1.36 2.74 2.83 2.63 0.60 0.65 2.65 0.93 2.51 0.54 0.89 0.33 0.40 0.52 1.85 1.81 0.76 
1.92 1.24 0.59 0.65 1.53 1.45 0.59 1.61 0.43 1.80 1.47 1.13 1.35 1.84 2.07 1.23 2.98 1.67 1.13 1.75 2.47 0.62 0.57 0.82 0.51 1.80 1.89 0.35 1.25 1.06 
1.05 0.69 0.66 1.59 0.89 1.42 1.51 1.86 0.68 0.55 0.61 0.38 0.99 0.82 0.93 2.58 0.75 1.89 2.93 1.69 1.88 0.58 2.15 2.38 0.63 1.40 1.61 0.44 1.07 1.80 
1.61 1.53 1.10 1.02 0.91 1.70 0.44 0.88 1.85 0.39 0.99 0.82 2.19 2.16 1.56 2.54 0.93 1.42 2.41 2.65 1.24 2.44 0.65 0.58 0.74 0.69 1.99 0.47 1.78 1.80 
1.00 1.82 1.98 0.39 0.71 0.58 0.37 0.43 0.91 1.70 1.86 0.92 2.44 0.59 1.62 1.52 1.23 1.99 1.28 1.33 1.49 0.71 1.93 1.94 0.44 0.97 0.52 0.50 0.73 1.81 
0.97 1.13 1.72 1.39 1.55 0.82 0.67 1.26 1.63 0.42 1.12 1.05 2.74 0.88 1.90 0.99 1.84 2.43 1.34 2.67 2.89 1.06 2.26 1.28 1.56 1.10 0.47 1.31 1.59 1.07 
1.62 1.76 0.76 1.26 0.75 1.13 0.60 0.34 1.80 0.85 1.27 1.02 0.52 2.99 2.10 1.93 1.67 0.88 1.20 1.78 0.60 1.32 0.89 2.41 1.70 1.12 1.06 0.87 1.55 0.62 
1.07 0.46 1.56 1.47 1.96 0.50 1.07 1.04 1.37 1.18 1.65 1.91 1.83 2.96 2.88 1.57 0.82 0.52 0.84 0.60 2.63 2.41 0.69 2.67 0.63 0.91 0.83 1.23 1.02 1.03 
1.05 0.95 1.67 1.17 0.44 1.77 1.70 1.96 1.03 1.86 0.60 1.05 0.54 2.51 2.33 2.12 2.96 1.81 2.94 0.74 1.73 2.41 0.89 2.96 0.75 0.51 1.29 1.59 0.37 1.43 
1.29 1.03 1.20 0.84 1.44 1.25 1.29 1.64 1.04 0.52 0.72 0.91 0.50 1.00 0.65 1.99 2.16 1.53 0.82 1.33 2.55 1.23 1.78 2.72 0.40 0.58 0.43 1.81 0.43 1.65 
0.89 1.32 1.24 1.68 1.64 1.98 1.60 1.59 1.96 1.15 0.40 0.58 2.43 2.56 0.57 1.56 0.90 2.65 1.26 1.04 2.16 0.62 2.58 2.79 1.59 1.47 1.43 1.71 1.65 0.56 
0.40 1.11 1.00 0.92 1.19 1.57 1.00 0.60 1.62 0.60 1.08 0.35 0.61 0.76 2.94 1.69 1.25 0.93 2.31 1.27 2.68 0.52 1.38 0.74 0.69 1.01 1.55 1.28 0.91 1.64 
0.59 1.06 1.91 1.50 0.94 0.41 1.55 1.13 1.67 1.72 0.51 0.67 0.59 1.81 2.32 0.89 2.05 1.29 1.99 1.77 0.82 0.71 1.59 0.93 1.61 1.50 1.41 1.59 0.86 0.95 
1.98 1.01 1.68 0.62 1.64 0.63 1.26 0.60 0.52 1.82 1.31 1.02 0.99 2.01 1.79 1.08 2.05 1.32 1.77 0.52 1.90 0.93 1.61 1.79 1.96 1.89 1.03 0.87 1.91 0.71 
1.72 1.62 1.85 1.25 0.90 0.74 1.80 1.61 1.78 0.42 1.12 1.36 1.97 1.93 2.46 2.77 0.59 2.65 2.58 1.90 2.39 1.31 1.33 1.32 1.29 1.22 1.61 1.29 0.38 0.88 
1.59 0.44 1.76 1.20 0.88 0.42 1.33 0.67 1.00 1.06 0.77 1.61 1.99 2.30 2.33 1.49 2.41 2.39 2.10 2.39 0.58 2.39 1.93 2.13 1.31 0.46 1.33 1.91 0.68 0.65 
0.91 1.30 1.25 0.39 1.67 1.62 0.60 1.20 1.71 0.46 1.13 1.65 0.94 2.84 2.80 1.36 2.65 2.39 2.69 2.50 1.37 0.52 1.42 1.11 1.97 0.60 1.20 1.82 1.62 0.42 
0.44 0.54 0.39 1.30 1.61 1.77 0.61 1.96 1.17 1.36 1.29 1.45 2.70 2.77 2.35 2.87 0.90 0.61 0.82 0.93 2.15 1.04 1.15 1.42 0.95 0.74 1.82 0.59 1.34 1.80 
1.25 1.17 0.48 1.01 1.62 1.78 1.50 1.43 1.05 0.51 0.75 1.76 2.96 0.97 1.34 1.52 1.95 0.83 2.29 2.72 1.49 1.71 0.89 2.55 1.92 1.40 0.57 0.89 1.87 0.58 
0.68 0.65 1.65 1.75 0.69 0.51 0.40 1.41 0.77 1.03 1.20 0.95 1.99 2.56 1.91 0.52 0.65 2.34 1.02 1.32 2.15 2.51 2.95 0.57 0.91 1.64 0.91 0.74 0.58 0.40 
1.77 1.31 1.94 1.99 1.43 0.81 1.86 1.45 1.06 0.59 0.76 0.51 2.70 1.08 2.94 1.10 1.60 1.03 0.65 1.10 1.56 0.87 2.93 0.57 1.79 0.92 1.32 0.43 1.18 0.42 
1.25 0.82 1.71 1.47 0.46 0.50 1.12 1.97 0.78 1.56 1.50 0.85 0.89 1.71 1.37 2.16 0.85 1.36 0.90 0.88 2.47 1.36 0.93 2.72 0.43 1.40 1.97 1.81 1.17 1.91 
0.76 1.17 1.76 1.25 0.62 0.60 1.58 0.61 0.59 0.84 0.86 1.55 0.64 0.77 1.42 2.68 2.55 0.93 2.65 2.80 0.88 0.65 2.84 2.68 0.82 0.82 1.76 1.43 0.40 0.40 
0.57 1.71 1.36 0.90 1.30 0.96 1.65 0.35 0.43 0.78 0.68 1.37 2.99 1.13 2.57 2.47 2.13 2.29 1.43 2.92 1.02 2.05 2.96 0.66 1.62 1.07 1.34 0.95 0.62 0.37 
1.06 0.86 1.81 1.42 1.72 1.23 1.02 1.60 1.72 1.23 0.45 0.60 2.70 2.25 1.14 0.79 1.31 1.79 0.54 1.89 1.48 0.94 0.85 2.10 1.72 0.60 0.68 1.86 1.82 1.10 
1.72 0.84 0.91 1.78 0.47 0.46 1.71 1.71 0.44 1.65 1.53 1.32 0.87 1.64 2.96 1.25 1.71 0.70 0.65 1.99 0.62 1.25 1.42 2.86 1.77 1.62 0.50 1.64 1.63 1.44 
1.21 0.84 1.29 1.60 0.91 0.69 0.91 1.41 1.25 0.36 1.29 1.31 1.00 0.65 2.77 1.44 2.58 0.96 1.26 1.28 1.47 0.62 0.54 1.78 0.92 0.91 0.42 1.76 1.50 0.95 
1.25 1.14 1.29 0.86 1.65 1.71 1.99 1.68 1.12 0.86 1.45 1.27 0.75 1.84 1.99 0.91 1.71 2.36 0.82 1.73 1.45 0.93 1.51 2.39 0.44 1.82 1.18 0.58 1.06 0.43 
1.72 1.32 1.64 1.63 1.56 1.37 1.30 1.07 0.84 1.86 0.47 0.82 1.93 0.89 2.63 1.11 0.50 1.83 2.63 0.74 1.09 1.99 1.89 2.69 0.45 1.01 1.80 1.05 1.99 1.20 
0.40 1.33 0.43 1.44 0.63 1.55 0.72 0.64 0.40 1.28 0.56 1.77 0.77 0.97 0.92 1.69 2.59 1.06 1.49 2.41 1.94 2.50 1.37 0.85 1.99 1.24 1.03 0.43 1.01 1.05 
1.86 1.06 1.99 1.86 1.50 1.50 1.72 1.64 1.33 1.29 1.77 0.96 1.12 1.57 0.52 1.37 2.96 2.34 1.06 2.57 1.09 2.18 1.61 1.28 1.14 1.33 0.75 0.35 1.73 0.95 
1.95 1.72 0.46 0.82 0.95 0.85 0.58 1.31 0.51 1.02 1.06 0.53 0.65 2.91 2.44 1.58 0.94 1.29 1.48 2.57 2.28 0.89 0.83 1.15 1.40 1.19 0.43 1.91 1.84 1.45 
1.81 1.17 1.96 0.43 0.68 0.34 1.83 1.53 1.91 1.96 1.94 0.57 2.06 0.69 0.52 1.97 1.03 0.71 1.14 2.85 2.86 1.42 1.23 2.57 0.50 1.72 1.36 1.31 1.94 0.50 
0.44 0.97 0.62 0.33 1.03 1.30 0.60 0.53 1.45 1.98 1.39 1.59 1.42 0.82 1.55 1.28 1.77 1.43 0.52 1.56 0.65 1.45 2.55 1.81 0.45 1.62 1.48 1.42 0.75 1.63 
1.70 0.62 1.77 1.82 1.33 0.98 0.34 1.92 1.80 1.45 0.91 0.35 0.88 1.14 0.93 2.09 1.57 0.65 2.69 0.82 2.21 1.78 1.42 1.48 1.27 0.96 0.74 0.62 1.19 1.33 
0.66 1.89 1.45 0.34 1.21 1.21 1.63 0.44 1.30 1.91 1.29 1.63 1.14 0.88 0.82 0.64 1.32 1.93 2.43 1.53 1.61 1.77 1.35 0.87 1.19 1.15 1.59 1.83 1.45 0.62 
1.44 0.99 0.65 1.14 0.43 1.01 0.55 1.90 1.25 1.95 1.56 1.05 2.55 1.79 1.52 1.20 1.68 1.37 2.63 2.41 1.69 1.30 1.91 1.28 1.03 0.58 1.59 0.43 1.72 0.84 
1.59 0.56 1.31 1.64 1.29 0.58 1.03 1.44 0.66 1.32 1.02 0.83 1.61 2.09 1.87 0.68 2.48 0.71 2.43 0.99 2.57 0.65 1.88 0.85 1.33 0.62 1.29 0.44 1.01 0.50 
1.70 1.72 1.77 0.88 0.84 1.38 0.61 1.27 0.40 1.70 0.47 0.39 2.58 0.62 0.60 1.13 1.52 1.04 2.21 2.31 2.44 1.53 2.30 1.29 1.07 0.62 1.20 0.58 0.84 1.37 
1.45 0.91 1.55 1.79 1.01 1.87 0.35 0.35 1.45 1.62 0.42 0.56 1.79 2.21 1.11 0.82 2.28 2.48 2.47 1.69 1.10 1.37 1.59 2.26 1.02 0.82 1.31 1.92 1.64 0.84 
0.82 1.62 0.59 0.64 0.59 1.78 0.91 1.86 1.56 0.92 1.72 0.74 2.93 0.70 2.80 1.59 1.96 1.71 0.62 1.52 2.39 2.67 2.98 1.59 0.62 1.71 1.98 1.59 1.54 0.84 
1.79 0.58 0.86 1.71 0.48 1.71 1.53 0.51 1.68 1.89 1.06 0.74 0.65 2.31 1.14 2.55 1.45 0.77 2.25 2.97 1.02 2.29 2.55 1.32 1.36 1.26 1.33 1.50 0.91 0.38 
1.07 1.14 0.45 0.71 1.00 0.45 0.46 0.53 1.91 1.60 0.77 1.76 1.37 0.87 2.95 0.58 2.00 1.60 2.41 0.89 2.79 0.64 1.55 2.87 1.81 0.92 0.52 1.62 1.10 1.37 
1.10 0.97 0.69 1.74 1.72 0.75 1.01 0.43 1.36 1.38 1.62 1.22 0.75 1.11 0.59 1.20 2.06 2.59 1.52 1.87 2.69 1.33 0.87 2.78 1.80 0.62 0.43 1.76 1.45 0.61 
0.40 0.44 1.25 0.91 1.01 1.19 0.91 0.89 0.37 1.33 0.59 0.77 1.99 1.27 0.93 1.14 2.96 2.48 2.58 1.29 2.84 1.71 2.35 0.88 1.53 0.66 1.97 1.94 1.01 1.07 
1.06 0.91 0.92 0.52 1.81 1.54 1.62 0.68 0.40 1.22 1.25 1.03 1.08 2.91 0.78 1.14 0.67 1.32 1.20 2.74 2.92 0.91 1.00 0.89 0.60 0.72 0.48 1.85 0.57 0.45 
1.54 1.86 1.01 0.94 0.73 0.69 0.40 1.56 1.80 0.62 0.62 1.80 2.97 1.30 2.79 2.98 0.93 1.84 1.28 0.93 0.52 2.16 2.91 1.04 1.15 0.82 1.00 0.46 1.11 0.44 
0.74 0.84 1.75 1.84 1.37 0.97 1.30 1.06 1.59 1.53 1.96 0.69 1.73 1.61 2.78 0.89 1.67 1.04 1.95 2.42 1.97 1.92 1.93 1.99 1.02 1.86 0.81 1.04 0.95 0.98 
1.74 0.97 1.30 0.38 1.61 1.70 0.58 0.99 0.89 0.64 1.99 0.74 1.61 2.93 1.71 2.26 1.89 1.46 1.82 1.75 1.87 2.58 1.08 2.67 0.47 1.57 0.91 1.36 0.56 0.34 
0.44 1.06 0.56 0.62 1.96 1.00 0.84 1.33 1.55 0.88 0.46 1.01 1.14 1.27 2.78 2.06 1.08 2.80 2.00 1.81 2.12 2.09 2.49 1.44 0.66 1.48 1.28 1.99 1.79 0.55 
1.32 0.83 0.84 0.77 1.43 0.85 0.69 1.89 1.80 1.85 1.08 0.82 1.96 1.51 2.98 1.02 2.01 1.11 1.24 2.39 1.38 1.49 2.93 1.76 0.86 0.62 1.43 1.83 0.43 1.76 
1.86 1.41 1.89 1.37 1.53 0.46 0.91 1.36 1.23 0.52 0.54 1.72 1.84 1.93 1.49 2.70 1.35 2.98 2.41 1.69 1.77 2.00 1.55 2.18 1.88 0.42 0.57 0.52 1.53 0.43 
1.63 0.96 1.86 1.03 0.94 1.68 1.62 0.88 1.29 1.72 1.91 1.50 1.59 1.15 1.14 0.74 2.31 1.79 1.28 2.05 2.29 1.61 1.58 2.56 0.88 1.32 0.58 0.61 0.63 1.66 
1.50 0.76 0.62 0.38 1.21 1.78 1.61 1.79 1.14 0.35 1.41 0.41 2.96 2.38 1.11 1.76 1.08 2.29 2.93 1.08 2.54 0.55 2.39 2.05 1.71 1.27 1.78 1.52 1.05 1.79 
0.73 1.21 0.42 0.65 1.37 0.62 1.15 0.87 1.91 0.74 0.80 0.50 2.41 1.32 2.69 1.37 1.71 1.99 1.59 1.62 2.56 1.98 2.79 2.86 1.80 1.56 1.39 0.52 1.02 1.37 
1.02 0.51 0.59 0.99 0.44 1.58 0.44 1.14 0.67 1.98 1.60 1.80 2.92 1.04 0.98 1.91 0.58 0.58 2.47 1.60 0.79 2.32 0.89 2.34 1.03 1.64 1.32 0.95 0.43 1.28 
1.36 0.74 0.58 1.83 1.86 1.40 1.41 0.47 0.62 1.43 0.42 0.89 2.41 2.89 2.77 2.65 1.23 1.91 2.92 0.57 2.57 1.61 2.87 2.48 1.79 0.71 0.47 1.59 0.43 1.28 
1.12 0.99 1.60 1.45 0.74 0.69 0.63 1.60 1.64 1.70 0.52 0.52 0.50 2.18 0.92 2.77 1.32 0.75 2.43 1.02 2.96 2.34 2.15 2.79 1.84 1.25 1.32 1.68 1.34 1.05 
0.43 0.62 1.74 0.91 0.39 0.65 0.56 0.72 0.50 1.62 1.59 0.51 1.37 2.88 1.25 2.69 2.69 1.90 2.34 0.77 1.88 2.25 1.01 1.24 1.62 1.01 0.42 1.53 1.53 1.56 
1.11 0.59 0.85 0.87 0.74 1.19 1.65 1.77 0.90 0.43 1.61 1.61 0.55 1.11 1.41 1.52 1.44 2.78 1.61 1.24 2.39 2.88 2.10 1.65 1.77 0.91 1.01 1.07 1.96 1.14 
1.02 1.99 0.34 1.51 1.13 0.35 1.06 1.80 1.78 1.05 1.19 0.96 2.24 0.57 2.54 2.60 0.58 1.68 2.48 1.71 0.66 2.70 1.30 2.54 1.04 1.07 0.62 1.53 0.41 1.54 
0.88 1.25 0.95 1.80 1.99 1.24 1.75 0.78 0.50 1.97 1.65 1.32 2.05 1.04 1.42 1.60 1.71 1.32 0.54 1.81 0.90 1.02 2.93 2.38 0.38 1.48 1.48 0.69 0.39 0.44 
0.66 0.52 0.40 0.99 1.26 0.77 1.05 1.45 1.55 0.40 0.53 0.51 0.78 0.57 0.62 2.34 2.70 0.77 2.96 0.89 1.83 0.77 0.64 1.70 1.87 1.00 1.65 0.95 1.45 1.72 
0.83 1.07 0.91 1.86 0.55 0.61 0.46 0.64 1.29 1.75 1.26 0.95 1.81 0.59 1.89 1.55 0.63 0.60 2.25 1.21 1.67 1.02 1.24 1.77 1.76 0.61 1.05 1.75 0.47 1.59 
1.45 1.03 1.14 1.88 1.21 0.53 1.70 0.77 1.54 0.46 1.80 1.94 2.63 2.65 1.11 2.47 0.85 1.14 0.50 2.86 2.48 0.57 2.16 2.95 0.33 0.94 1.06 1.25 1.45 0.46 
1.45 1.61 1.12 0.43 1.71 0.62 1.65 0.68 1.21 0.95 0.88 1.51 1.49 0.83 0.65 2.39 2.72 0.92 1.82 1.04 0.82 2.29 2.68 1.64 1.56 0.71 0.47 1.72 0.97 0.58 
0.40 1.71 0.88 0.91 1.12 0.76 0.56 1.02 1.02 1.68 1.57 0.91 1.97 2.38 2.84 1.02 2.39 1.81 0.54 1.37 1.91 1.98 1.87 1.99 1.61 0.38 1.10 0.74 0.57 1.88 
1.44 1.03 0.34 0.75 0.50 1.06 0.88 1.80 1.03 1.14 0.55 0.64 2.94 2.16 0.61 1.67 2.31 0.88 1.28 0.83 2.70 2.29 2.31 2.71 1.59 0.40 1.21 0.74 1.43 1.33 
1.74 0.91 1.31 1.02 1.23 0.92 1.51 1.81 0.99 1.55 1.10 0.84 2.00 1.97 2.18 0.91 0.93 0.61 2.68 2.29 2.48 2.34 0.82 2.74 0.91 1.71 0.72 0.95 1.50 1.68 
1.72 0.53 0.51 0.40 0.57 1.56 1.02 0.76 0.88 0.81 1.03 1.41 1.37 1.80 1.32 1.94 2.73 1.37 2.69 0.88 2.80 0.76 2.39 0.57 1.70 1.20 1.13 0.89 0.95 0.75 
1.29 1.03 1.45 0.63 0.89 0.49 0.83 1.56 1.82 0.63 0.88 1.25 1.84 1.83 2.06 2.10 2.29 2.41 1.18 1.83 2.10 2.46 2.94 1.23 0.37 1.55 1.45 0.46 0.88 0.38 
1.51 1.01 1.03 1.12 1.41 0.75 1.43 0.83 0.87 1.37 0.64 0.55 0.64 1.67 2.06 1.15 1.84 1.37 0.94 0.52 2.78 2.57 1.60 1.28 1.27 0.44 0.75 1.53 1.71 1.65 
0.89 1.53 1.28 1.72 1.28 1.25 1.71 1.11 1.88 0.52 1.55 0.34 1.55 0.87 0.93 1.28 1.97 0.68 1.03 2.21 2.15 1.07 1.79 2.58 1.06 1.47 0.33 1.85 0.74 1.63 
0.68 1.77 1.68 0.38 0.77 0.61 1.50 1.37 1.76 1.71 0.40 0.54 2.67 2.44 2.79 0.82 0.85 1.45 1.27 0.66 0.92 2.41 2.25 1.11 1.52 1.77 0.92 0.96 1.14 1.54 
0.40 0.75 0.91 0.65 0.91 1.36 0.59 1.05 0.77 0.43 1.62 1.04 1.92 0.92 1.12 1.67 2.66 0.89 1.14 0.85 2.75 1.28 1.77 2.94 1.50 0.85 0.34 1.33 1.39 1.14 
0.49 0.92 1.59 0.71 1.32 0.96 1.79 0.83 0.58 1.07 0.54 1.41 1.21 2.09 0.75 2.39 1.18 2.15 2.65 1.90 0.94 1.68 0.75 2.63 1.52 0.95 0.67 0.88 0.69 0.52 
1.99 1.38 1.65 1.50 1.37 0.52 1.62 1.77 1.74 1.74 0.53 1.04 2.73 1.27 0.69 2.39 1.97 2.43 0.58 1.35 0.65 1.11 2.88 1.51 1.27 1.21 1.22 1.80 0.54 1.18 
0.57 1.06 1.65 1.59 1.02 0.58 0.37 0.83 1.37 1.32 1.63 0.58 2.81 0.69 2.60 1.07 1.04 0.65 1.12 1.23 1.76 1.14 1.49 2.33 0.40 0.80 0.77 0.94 0.58 1.51 
1.53 1.72 0.38 0.83 0.95 1.53 1.88 1.39 0.50 1.05 0.52 1.32 1.52 0.82 0.51 2.44 0.54 0.83 0.60 2.54 1.36 0.82 0.88 1.37 1.50 0.51 1.56 1.32 1.78 1.60 
0.47 0.80 0.60 1.78 1.32 1.64 0.75 0.82 0.49 1.43 1.73 0.45 2.87 2.25 2.68 1.75 2.35 2.25 0.69 0.65 1.46 1.37 0.52 1.49 1.07 0.91 1.72 1.28 0.78 1.04 
1.62 1.72 1.01 1.85 1.14 1.00 0.88 0.58 0.39 1.08 0.86 0.37 2.54 1.97 0.62 2.80 1.57 2.29 2.10 0.77 1.28 1.12 2.93 0.65 0.59 0.59 0.91 1.72 1.32 0.42 
1.65 1.00 1.48 1.77 1.11 0.67 1.28 0.41 1.64 0.91 1.29 0.98 2.65 2.68 1.07 0.92 2.21 2.80 2.68 0.65 0.58 1.99 1.45 0.87 1.08 1.02 0.86 0.46 1.04 0.95 
1.82 0.51 1.67 0.80 1.54 1.28 0.74 1.36 1.85 0.67 1.36 0.39 2.87 1.97 1.12 0.88 1.56 1.90 2.52 1.36 1.14 1.99 1.99 0.92 1.54 1.65 0.51 1.71 0.99 1.11 
1.57 0.77 1.61 1.86 1.55 1.31 1.08 0.78 1.56 1.50 0.51 0.57 1.58 2.05 2.68 2.31 2.69 1.87 2.04 1.78 2.67 2.96 2.73 1.33 1.17 1.17 0.34 1.00 0.57 0.55 
0.88 1.06 1.00 0.86 1.56 0.88 0.78 1.75 1.33 1.12 1.40 1.47 0.58 1.50 2.38 0.50 1.33 2.67 2.57 2.51 2.29 2.38 1.96 0.94 0.58 0.45 0.72 1.96 1.97 0.46 
1.86 0.73 0.86 1.70 0.39 0.59 1.04 1.52 1.64 0.86 1.03 1.19 2.05 0.96 1.55 0.58 1.11 1.24 1.33 2.12 0.87 2.78 1.37 1.03 0.44 0.58 0.80 0.69 0.46 0.40 
0.40 0.99 1.96 0.91 0.40 1.33 0.73 1.20 1.28 1.62 1.17 1.72 1.15 1.09 1.79 2.38 1.51 1.95 2.63 1.81 1.37 1.24 0.79 1.88 1.17 1.01 1.32 1.44 0.38 0.44 
0.58 1.31 0.57 1.68 0.34 0.59 1.99 0.86 0.75 0.75 1.58 1.68 2.18 1.37 1.31 0.58 2.59 1.52 2.63 1.32 1.40 0.88 1.25 2.92 0.42 0.63 0.49 1.04 1.64 1.31 
1.96 1.59 0.92 0.97 0.84 1.11 1.50 0.91 1.78 0.89 1.04 1.57 0.64 1.94 2.25 2.78 2.58 2.21 1.27 2.43 1.50 2.69 1.43 1.11 1.25 1.20 0.95 1.00 1.70 1.82 
0.44 0.56 0.39 1.50 1.85 0.90 1.67 0.80 0.52 0.74 1.54 0.45 0.62 2.35 0.87 1.71 1.28 2.18 2.65 1.32 1.06 2.75 2.42 1.95 1.13 0.53 0.53 1.62 0.99 1.95 
0.58 1.04 0.97 1.13 1.41 1.54 0.95 1.31 0.95 1.86 1.32 1.66 1.61 1.11 2.52 2.86 1.55 2.32 0.91 1.79 1.90 2.51 1.45 1.44 1.65 1.98 1.89 1.52 1.71 0.76 
0.58 0.51 0.40 0.91 1.03 1.05 1.79 1.59 0.50 1.52 0.41 1.25 1.29 0.65 1.23 1.59 2.46 0.54 0.87 0.77 2.12 2.32 1.71 1.24 1.45 1.58 0.82 1.78 1.71 1.64 
0.57 0.88 1.25 1.71 0.58 0.92 1.82 1.79 1.94 1.71 1.44 1.23 1.51 0.65 1.99 0.69 1.08 1.61 1.99 2.42 1.33 2.47 1.55 1.28 0.95 0.34 1.50 1.56 1.81 1.65 
0.51 0.61 1.86 0.75 1.96 0.85 1.71 0.46 1.54 1.91 0.37 1.55 1.33 1.71 1.99 2.31 1.97 1.71 0.62 2.59 1.52 2.12 1.04 2.69 0.77 1.54 0.88 1.59 1.80 0.57 
0.94 1.05 1.64 1.76 1.80 0.59 0.91 0.39 1.29 1.63 0.60 1.54 0.79 0.60 0.94 1.50 0.66 0.88 2.17 0.65 1.02 1.91 2.74 1.45 1.00 1.37 0.67 1.31 1.44 1.72 
1.01 1.44 0.52 1.57 1.15 1.71 0.95 1.81 1.59 1.81 0.68 1.85 0.79 1.34 0.60 0.97 0.89 1.61 1.84 1.57 1.94 2.80 1.24 2.83 0.71 0.99 0.55 0.75 1.70 1.91 
1.87 1.70 0.88 1.25 0.34 1.71 1.23 0.91 1.29 1.21 1.67 1.36 1.37 0.71 0.60 0.85 2.41 1.61 1.15 1.50 1.14 2.59 0.82 2.10 1.08 0.88 0.53 1.02 1.71 1.25 
0.61 1.23 0.37 1.41 1.60 1.77 0.43 1.98 1.45 0.38 0.86 0.91 2.65 1.83 0.85 2.48 2.42 0.58 2.04 1.23 1.56 2.21 1.67 0.75 1.98 1.47 0.64 1.33 1.06 1.85 
0.53 0.43 1.57 0.71 0.47 1.86 0.85 1.39 1.97 1.52 0.85 1.77 1.06 0.52 2.77 0.64 2.80 1.10 0.75 0.99 2.46 2.04 2.57 0.70 0.44 1.45 1.17 0.43 1.10 0.91 
1.59 0.53 0.52 0.64 1.81 1.96 1.85 1.14 1.98 1.96 1.31 0.46 2.50 2.73 2.02 2.78 0.93 2.65 2.92 2.47 2.64 2.38 1.56 2.56 1.65 0.84 1.17 0.83 1.37 0.81 
1.82 0.38 0.62 1.44 1.98 1.12 1.39 0.45 0.87 0.72 1.52 0.72 1.52 2.73 2.49 1.24 1.28 1.69 0.93 2.96 0.71 1.36 1.26 0.69 1.64 0.95 1.62 0.59 0.51 0.39 
1.62 0.36 0.61 1.31 1.82 0.84 0.42 1.73 1.50 0.61 1.72 1.11 2.47 0.58 2.83 2.98 1.27 0.58 1.61 2.73 1.82 2.84 0.70 1.71 1.76 1.03 0.45 0.46 0.92 1.65 
0.76 1.62 1.78 0.98 1.21 1.33 1.06 1.11 1.58 1.89 1.85 0.56 2.00 1.04 0.87 2.78 1.91 2.50 1.69 0.94 1.64 2.00 1.55 2.18 0.95 1.54 1.64 1.11 0.62 1.32 
0.95 0.90 0.52 1.94 0.84 1.86 1.03 0.75 0.55 0.46 0.69 1.17 2.28 2.12 2.38 0.60 1.25 1.03 1.87 1.81 2.16 2.39 0.88 2.79 0.48 1.89 0.96 1.50 1.44 0.56 
1.91 1.50 0.64 0.65 1.19 1.01 0.44 0.69 1.71 0.56 1.03 0.46 2.93 0.69 1.28 1.69 2.43 2.77 0.60 2.88 1.24 1.52 2.65 0.55 1.07 1.81 0.68 1.77 0.50 1.39 
0.88 1.94 1.77 0.61 1.47 1.25 1.22 1.44 0.39 1.21 1.85 1.72 0.87 1.81 0.63 1.77 1.07 1.95 0.66 2.06 1.70 1.03 2.39 2.58 0.58 0.62 0.78 0.78 0.95 0.99 
1.04 1.27 1.14 1.50 1.36 1.29 1.61 0.86 1.91 1.32 0.78 1.95 2.96 0.97 2.31 1.24 0.77 1.93 2.89 1.84 1.23 1.61 1.55 1.31 0.86 1.78 1.29 0.59 1.05 1.65 
0.88 1.42 1.44 1.78 0.53 1.63 0.36 0.83 1.56 1.91 1.62 0.91 2.47 2.25 1.40 2.93 1.38 0.94 0.79 2.55 0.82 2.29 2.06 2.17 1.33 0.74 1.03 1.96 1.78 1.92 
0.89 1.80 0.44 1.65 1.70 1.20 0.85 1.33 0.91 1.83 0.88 1.37 0.77 2.96 2.96 2.93 1.07 0.69 0.58 1.60 1.67 2.10 1.76 0.50 1.86 1.51 0.44 1.86 0.83 1.43 
1.80 1.02 1.29 1.81 1.02 1.70 1.74 0.44 1.47 1.48 0.87 0.91 0.64 1.41 2.64 1.58 2.18 0.75 0.77 1.13 2.46 2.86 1.09 2.04 1.92 1.41 0.69 0.89 1.71 1.66 
1.41 1.56 0.55 1.41 0.82 1.80 0.99 0.86 1.83 1.97 0.87 0.46 2.44 2.49 1.06 2.21 1.99 1.14 1.97 2.69 1.45 1.95 2.25 0.58 1.77 1.33 1.14 1.62 0.77 1.64 
0.39 1.83 0.39 1.62 1.08 1.86 1.59 1.67 0.59 1.25 0.34 1.68 0.71 1.11 1.04 0.78 2.49 0.82 0.76 1.04 2.86 0.78 2.38 1.61 1.51 1.86 1.62 0.39 1.57 1.30 
1.68 1.30 1.03 1.11 0.37 1.32 0.40 1.32 1.95 0.82 0.75 1.92 2.66 0.89 2.56 1.60 1.04 2.49 0.96 1.49 2.39 2.34 0.92 1.46 1.88 0.46 1.36 0.42 1.80 1.81 
1.72 1.79 1.12 0.80 1.27 1.41 0.64 1.30 0.91 1.77 0.88 1.17 2.67 1.90 2.09 2.74 1.17 1.12 0.52 2.41 1.26 2.66 2.64 0.65 0.76 0.37 1.92 1.56 0.43 0.95 
1.01 1.62 1.30 0.58 1.92 0.60 0.65 1.89 1.83 1.37 0.44 0.53 1.71 0.59 2.59 1.97 1.91 1.71 2.18 1.09 2.45 2.58 2.80 1.60 0.89 1.99 1.86 1.56 1.91 1.00 
0.52 1.94 0.35 0.97 0.49 1.07 0.87 1.60 1.99 1.80 1.96 0.46 2.68 0.77 2.35 2.90 2.29 1.23 1.37 2.01 2.13 0.57 1.27 1.48 1.32 0.69 1.05 0.73 0.34 1.92 
1.86 1.70 1.43 0.44 1.92 0.49 1.86 0.52 0.71 0.95 1.64 0.87 0.64 0.57 1.55 0.94 1.79 2.58 1.49 1.15 2.94 2.88 0.65 0.65 1.71 0.42 0.86 0.57 1.68 1.53 
1.17 0.94 0.34 1.19 0.51 1.13 1.19 1.87 1.18 1.04 1.59 1.59 1.76 1.71 1.34 1.33 2.41 0.70 2.96 2.88 2.36 2.87 1.32 2.79 1.27 1.59 1.71 0.75 0.33 1.74 
0.84 1.27 1.98 0.62 1.36 1.70 0.49 1.48 0.88 1.96 0.86 0.60 1.77 1.33 0.93 2.57 0.64 0.71 1.99 2.42 0.75 0.58 2.38 1.91 0.47 0.52 1.43 1.45 0.71 0.91 
0.59 1.06 1.21 1.98 1.56 1.77 1.01 1.90 0.95 1.07 0.69 1.59 1.32 1.28 0.85 0.57 2.70 2.47 1.29 0.79 1.20 1.55 2.51 0.64 0.40 0.86 1.78 1.94 1.91 1.98 
1.77 0.44 1.94 0.46 0.40 1.94 0.91 0.96 1.02 1.50 1.14 1.22 0.59 1.24 2.15 0.58 2.69 2.00 1.20 2.41 0.85 2.41 1.93 2.97 0.78 1.25 1.10 1.98 1.77 1.77 
1.81 0.80 1.80 0.47 0.52 0.42 1.08 1.95 0.59 0.95 1.03 0.36 2.93 1.06 1.71 2.86 2.65 2.57 1.95 1.24 1.93 0.59 2.64 1.04 0.96 1.18 1.28 1.33 0.67 0.67 
1.79 1.65 0.60 0.46 1.13 1.32 0.34 0.36 0.95 1.85 0.44 1.02 1.26 0.57 2.92 0.55 2.78 0.85 0.88 2.70 1.55 0.78 1.04 1.28 1.33 1.92 1.80 1.73 0.43 1.23 
1.04 0.75 0.77 1.53 0.78 1.26 1.60 0.44 1.63 0.71 0.83 1.91 0.67 0.58 1.70 1.99 2.73 1.09 0.88 0.75 0.65 1.53 0.89 2.21 0.40 0.54 0.50 0.75 1.18 1.95 
1.08 1.67 0.91 1.29 1.18 0.84 0.51 1.48 1.75 0.57 0.35 0.59 1.62 0.51 2.69 1.14 1.75 2.57 1.84 0.63 2.38 1.15 0.77 0.96 1.31 0.67 1.56 0.55 1.65 0.42 
0.46 1.59 0.43 0.97 0.62 0.47 1.70 1.44 0.97 1.59 1.96 1.04 1.92 2.31 2.16 1.12 1.90 0.65 1.84 1.60 1.34 1.32 2.69 1.28 1.65 1.55 0.91 0.84 1.57 1.19 
1.17 0.98 0.84 1.80 0.82 1.98 1.83 0.76 0.91 1.57 0.49 0.75 2.26 1.30 0.84 0.82 1.20 1.88 0.82 1.61 1.14 1.28 1.37 1.61 1.96 1.06 1.92 0.62 1.78 1.50 
0.91 1.62 0.65 0.57 0.40 1.32 1.18 1.85 0.40 0.84 1.70 0.80 2.50 2.79 1.92 1.93 0.87 1.97 2.34 0.85 2.84 1.03 0.99 2.93 1.94 1.82 1.53 1.73 0.51 1.26 
1.84 0.43 1.17 1.44 0.74 0.62 0.43 1.05 0.99 0.91 1.98 1.77 2.25 2.66 1.14 0.77 0.88 2.28 2.55 1.99 1.28 2.72 0.76 2.99 1.59 1.20 1.02 0.86 1.33 0.86 
0.40 1.56 0.92 1.08 1.76 0.68 0.61 1.74 0.76 1.41 0.51 0.40 1.57 1.06 0.82 1.55 1.37 1.58 1.53 1.62 1.11 0.91 0.55 0.85 1.83 0.61 1.62 0.55 0.71 1.31 
1.78 1.71 1.64 0.85 1.64 1.90 0.42 1.32 0.43 0.91 1.96 1.65 2.98 1.82 2.66 2.70 1.03 2.10 1.03 2.48 0.97 2.41 1.15 2.33 1.06 1.56 1.77 1.96 1.78 0.80 
1.65 1.70 1.11 0.74 1.91 0.91 0.56 1.94 1.80 0.39 1.59 1.05 0.61 1.42 2.75 2.70 1.24 1.88 2.16 1.09 1.07 1.90 1.87 1.03 1.70 1.64 1.22 1.00 1.36 0.34 
0.77 0.86 0.50 0.92 1.39 0.59 1.07 1.20 0.85 1.60 1.64 0.36 0.77 2.57 0.65 1.44 1.79 2.90 2.79 2.12 2.39 1.02 2.36 2.38 1.44 1.76 0.44 1.79 1.53 0.58 
1.65 1.76 0.91 1.01 1.91 1.54 1.03 0.99 0.73 0.34 1.78 1.02 1.29 1.59 2.06 2.63 0.61 1.14 1.57 2.21 0.91 0.88 1.53 2.55 0.99 0.69 0.86 1.43 0.80 0.38 
1.06 0.64 1.18 1.78 1.39 1.14 0.69 1.97 1.89 0.52 0.61 0.68 0.58 2.46 2.33 0.90 2.25 1.50 2.34 0.60 2.52 1.64 2.26 2.25 0.62 0.34 0.91 0.59 0.43 0.83 
0.89 1.64 1.01 1.99 0.96 1.96 1.78 1.04 1.86 1.53 1.50 1.61 1.99 2.81 1.55 2.04 2.12 1.32 2.10 1.15 0.93 1.76 1.79 2.39 1.65 1.70 1.77 1.31 0.42 0.42 
1.53 0.69 0.59 1.41 0.96 1.98 1.61 1.05 1.54 0.88 0.87 0.34 2.85 0.93 2.09 2.44 0.51 0.71 1.52 1.33 1.21 2.77 2.35 0.96 1.86 1.82 0.62 1.68 0.91 1.92 
1.44 1.80 1.76 1.23 0.33 1.01 0.36 1.80 0.59 1.04 0.83 0.64 1.79 1.12 1.18 1.61 0.77 1.44 0.99 2.78 1.52 2.80 0.77 0.89 0.39 0.62 0.80 0.58 0.95 0.51 
1.38 1.86 0.91 1.15 0.40 1.76 1.47 0.50 1.56 1.30 1.01 1.10 1.37 2.81 1.67 2.96 2.31 1.58 0.54 1.44 1.50 2.96 2.66 2.93 1.43 1.87 1.33 1.70 0.69 1.86 
1.30 1.72 1.80 1.08 1.17 1.02 1.72 1.76 1.99 1.06 0.86 1.08 0.78 1.48 1.38 1.82 2.48 2.43 0.60 1.00 2.83 2.06 1.93 1.28 1.78 1.76 1.62 1.04 1.33 1.03 
1.00 1.05 1.72 1.76 1.55 1.14 1.31 1.86 1.98 1.08 0.51 1.31 1.49 2.89 0.75 2.50 2.31 2.98 1.40 2.58 2.23 2.60 1.00 2.41 0.86 0.43 1.61 1.37 1.89 1.66 
1.99 0.78 1.42 0.51 1.39 0.95 0.44 0.59 0.53 0.82 1.99 0.57 2.87 2.39 2.39 0.93 1.29 1.97 2.87 1.07 2.31 1.99 2.47 2.80 1.61 0.84 0.45 1.47 0.51 0.74 
0.85 0.47 1.26 0.50 1.43 1.30 1.53 1.72 0.63 1.70 1.08 0.76 0.71 1.77 2.21 2.66 2.48 2.33 2.59 1.20 2.92 1.01 0.52 1.56 0.91 1.10 0.87 1.64 1.86 1.43 
1.72 0.59 0.77 1.78 1.30 0.97 0.92 1.47 0.55 1.14 0.50 1.20 2.41 1.52 2.44 0.71 1.42 0.58 0.88 0.52 0.58 1.00 2.01 2.38 0.84 1.43 1.18 0.44 1.72 1.45 
1.45 0.34 0.97 1.22 1.96 1.80 0.65 0.33 0.81 1.04 1.72 1.86 1.36 2.52 1.71 2.38 1.61 1.71 1.58 1.50 2.79 2.45 1.26 2.36 0.62 1.28 0.47 1.30 1.65 1.59 
1.45 1.80 0.74 1.86 1.68 0.83 0.56 0.99 0.60 0.77 1.98 0.47 1.12 0.89 1.82 0.60 2.74 2.57 1.99 0.77 0.77 1.03 1.97 2.86 0.60 1.53 1.50 1.47 0.62 0.69 
1.19 1.25 1.82 1.94 1.31 0.42 0.66 0.87 0.34 0.51 0.46 1.84 1.61 2.21 0.75 2.95 2.57 0.93 2.29 2.93 2.43 1.99 0.88 2.13 1.38 1.77 1.50 1.14 0.53 1.72 
0.61 1.85 1.02 0.67 0.87 0.91 0.44 1.92 0.36 0.59 1.70 0.92 1.45 2.57 1.14 1.71 0.52 2.65 1.37 0.60 2.06 2.23 1.01 1.13 0.43 1.58 1.72 1.96 1.68 1.28 
1.57 1.38 1.39 0.45 0.77 1.14 0.56 1.99 1.11 0.36 1.10 1.68 2.21 1.71 1.84 2.55 0.60 0.57 0.70 1.29 2.04 1.36 0.66 0.79 1.56 1.22 0.40 0.59 0.35 1.50 
1.55 1.86 1.31 1.62 0.62 1.50 1.31 0.43 1.29 1.92 0.99 0.62 1.38 2.52 2.86 0.55 0.69 1.61 2.56 1.89 1.36 2.79 0.74 2.38 0.85 1.91 1.27 0.86 1.98 1.12 
1.13 0.69 0.42 1.03 1.04 0.90 1.96 1.73 0.74 0.76 0.58 1.89 0.57 0.66 1.43 0.71 2.86 2.94 2.21 1.11 2.74 2.58 1.23 2.68 0.91 0.82 1.89 1.29 0.39 0.59 
1.75 0.46 0.40 0.91 1.45 0.62 0.37 0.83 0.95 1.71 1.37 0.39 0.71 2.43 0.82 0.52 1.06 1.12 1.97 1.83 2.60 2.12 1.07 1.29 1.86 1.60 0.51 1.05 1.56 1.14 
0.88 1.21 0.86 1.55 1.59 0.40 1.94 1.08 0.38 0.62 1.01 1.59 2.41 2.94 2.56 2.73 2.24 1.23 2.07 2.28 2.44 2.68 1.97 1.26 1.08 1.99 1.64 1.98 1.77 0.42 
1.13 0.66 1.18 1.76 0.86 1.70 0.96 1.71 1.89 1.56 1.64 0.82 2.25 1.95 2.93 2.71 2.05 2.39 2.47 0.82 0.57 2.92 0.80 1.76 0.49 1.61 0.97 1.80 0.97 1.98 
0.59 1.96 0.40 0.42 1.05 0.88 1.50 1.92 1.32 1.77 0.83 1.07 0.84 0.65 1.52 0.69 1.94 2.33 1.86 2.04 2.69 2.21 2.34 2.16 0.95 1.64 1.70 1.72 1.65 0.76 
0.55 1.98 0.76 1.31 1.03 1.14 1.22 0.84 0.33 1.45 0.59 0.72 2.41 0.69 1.26 0.82 1.37 1.35 0.88 1.68 2.35 1.11 2.69 0.77 0.62 1.33 1.45 0.71 1.21 0.91 
0.43 0.47 1.19 1.37 0.82 0.42 1.96 0.38 0.72 0.84 0.81 1.65 2.50 1.90 2.86 1.28 2.77 2.48 1.21 0.87 1.29 0.87 1.04 1.32 1.10 0.51 1.53 1.98 1.54 0.54 
0.44 0.56 1.19 0.57 1.65 0.61 1.08 0.59 0.50 1.59 1.45 1.98 1.61 2.87 1.15 1.42 2.68 1.55 2.83 1.28 1.44 0.65 2.38 1.11 1.30 1.07 1.53 1.66 1.28 1.71 
1.51 0.38 1.00 1.82 1.59 1.18 1.85 1.78 1.40 1.19 0.86 1.04 2.26 1.60 0.65 1.67 1.89 2.43 2.04 1.67 1.67 1.69 1.37 0.99 1.80 0.67 1.04 0.44 1.71 1.62 
1.64 0.57 1.66 1.71 0.45 1.86 0.42 1.34 0.38 1.33 1.02 0.37 1.25 2.72 1.31 0.85 1.07 2.75 0.65 2.57 1.90 0.97 2.50 2.96 1.80 0.39 1.03 1.07 0.83 1.78 
1.40 1.83 0.91 0.67 1.62 1.32 1.62 1.30 1.01 1.80 1.21 0.89 1.55 0.74 2.46 0.97 2.36 1.03 0.79 1.32 2.56 2.04 1.89 2.43 1.24 0.99 1.72 0.71 1.64 1.25 
0.95 0.51 1.33 0.44 1.81 1.34 0.86 1.03 1.00 1.71 1.71 1.29 0.50 1.81 2.24 1.79 2.30 1.24 2.30 0.89 2.04 2.43 1.79 2.48 1.86 1.32 1.65 0.57 0.59 0.62 
1.23 1.27 1.33 0.82 0.95 1.07 0.91 1.07 1.47 1.72 1.59 1.33 2.21 1.14 0.85 0.54 2.18 1.93 1.36 2.45 1.55 1.10 1.99 1.89 0.73 1.68 1.31 1.98 1.26 1.06 
1.99 0.68 1.87 1.77 1.25 0.40 0.92 0.68 0.52 1.25 0.92 0.49 2.21 1.97 1.69 2.96 2.72 2.25 1.37 2.38 1.37 0.58 2.93 0.82 0.80 1.65 1.02 0.46 1.12 0.65 
1.98 1.79 0.41 0.88 1.77 1.53 1.50 0.61 0.43 1.32 1.64 0.78 2.48 1.28 2.43 2.94 2.29 0.58 1.59 1.99 0.89 1.56 0.66 0.66 1.47 0.62 1.01 1.12 1.86 0.46 
1.78 1.83 1.40 1.71 1.43 0.84 0.46 1.28 1.33 1.52 1.79 1.78 0.85 2.92 1.71 2.58 0.93 1.90 2.00 2.29 0.70 1.83 1.17 2.62 0.75 1.02 0.91 1.03 1.75 0.42 
0.69 1.70 0.69 1.86 0.89 0.69 1.79 0.67 1.36 0.58 1.50 0.34 0.65 1.65 0.79 0.58 0.59 1.02 2.33 1.37 1.93 2.50 0.87 0.89 1.45 0.83 1.37 1.32 1.59 0.60 
1.89 1.04 1.67 1.70 1.82 0.55 1.03 0.40 1.54 1.50 1.64 0.44 1.26 0.69 2.70 1.95 2.25 0.58 2.23 1.36 2.29 2.38 1.90 2.52 1.72 1.71 1.78 1.33 0.81 0.68 
0.77 1.62 0.43 1.78 0.44 0.78 1.45 1.74 0.58 0.91 1.06 1.54 0.62 1.86 1.11 2.35 1.37 2.93 0.71 0.97 2.65 1.45 1.60 0.90 1.62 1.67 1.03 0.74 0.42 1.92 
1.05 1.38 1.25 1.40 0.88 1.57 1.96 1.48 0.95 1.40 0.84 1.77 2.31 2.99 2.17 2.34 2.47 1.26 1.79 2.44 2.41 2.98 1.88 1.32 0.35 1.86 1.77 1.75 0.74 1.63 
1.53 0.38 1.33 1.96 0.81 0.50 0.67 1.71 1.45 1.13 1.03 1.13 0.93 0.82 1.28 0.71 0.57 2.85 1.53 1.18 2.41 0.78 2.84 1.76 1.65 1.07 0.74 1.74 1.71 0.44 
1.31 1.05 1.59 1.80 0.52 0.52 0.82 1.71 1.31 1.80 0.46 0.95 1.91 0.85 0.55 1.26 0.57 0.98 0.70 1.83 2.95 2.87 2.39 2.38 0.86 0.91 0.52 0.39 0.73 0.64 
0.65 0.81 0.87 0.43 1.96 1.32 0.84 1.98 1.22 1.33 1.81 0.68 2.84 0.58 1.52 2.34 0.57 1.31 1.97 0.75 0.65 2.36 1.37 0.94 1.59 1.29 1.53 0.38 1.01 0.55 
0.67 0.51 1.06 1.76 1.63 0.86 0.80 1.00 1.71 1.08 0.95 0.67 2.99 2.96 1.04 2.38 1.65 2.58 0.76 1.27 2.48 1.97 2.47 0.92 0.47 1.92 1.42 0.50 1.33 0.88 
0.53 0.99 0.52 1.44 1.64 1.43 1.21 0.51 0.82 1.26 1.07 0.78 2.16 1.82 0.59 2.90 2.65 1.62 2.79 2.46 1.71 2.99 1.98 0.67 1.60 0.94 1.56 1.62 1.28 1.81 
0.46 0.63 0.75 1.06 0.95 1.47 1.61 1.60 0.34 1.62 1.20 0.51 2.96 1.42 1.15 2.83 1.57 0.79 2.31 0.68 1.69 2.41 0.82 0.88 1.01 0.57 1.26 1.66 1.62 0.42 
1.20 1.89 1.44 1.70 1.42 0.74 1.53 1.65 1.95 0.89 1.47 1.26 1.36 0.52 0.77 2.96 1.37 0.89 1.96 0.79 1.32 2.05 2.07 0.79 0.83 1.72 0.56 1.50 1.31 0.34 
1.75 1.80 0.34 1.07 0.72 1.80 0.40 1.96 1.50 0.99 1.36 0.86 1.97 1.60 1.34 0.87 2.68 2.18 2.06 1.46 1.55 0.51 0.59 1.27 1.85 1.53 1.31 1.45 1.31 1.08 
0.49 1.53 1.70 0.35 1.71 0.91 1.70 1.92 1.47 1.33 1.06 1.78 1.49 1.32 0.93 1.23 0.50 1.29 0.98 0.57 1.97 2.15 2.96 1.58 1.01 1.03 1.07 1.86 0.95 0.63 
1.96 1.43 0.78 1.44 0.44 0.43 0.62 1.44 1.45 1.67 1.37 0.88 1.95 2.43 1.78 1.29 1.24 1.77 1.50 2.31 1.29 0.51 1.25 2.06 0.94 0.67 1.94 0.91 0.91 1.77 
0.65 1.99 0.84 1.31 1.29 0.86 0.56 0.38 0.91 0.91 1.12 1.96 0.67 0.79 2.21 0.79 2.05 1.15 0.69 0.98 2.02 2.66 1.50 2.45 1.25 1.89 1.20 1.07 0.46 1.82 
1.82 1.42 1.36 0.55 1.72 1.34 0.41 0.43 0.64 1.07 0.65 0.82 0.87 0.62 2.95 0.50 1.71 2.31 0.65 2.05 1.40 1.55 1.26 2.48 0.40 1.41 1.78 0.68 1.03 0.68 
1.01 0.89 1.01 0.43 1.06 1.70 1.02 1.12 0.61 0.82 0.50 1.95 2.21 1.59 2.44 1.59 2.48 2.12 1.32 1.57 1.23 0.64 1.71 2.52 1.22 0.69 0.88 1.13 0.91 0.53 
1.78 1.39 1.81 0.45 0.85 1.33 1.86 1.08 0.83 0.82 1.37 0.80 2.54 1.28 1.62 1.41 1.03 1.10 1.88 0.85 2.35 0.71 0.61 2.39 1.01 1.07 1.94 1.62 1.50 0.95 
0.36 1.23 1.56 1.70 1.03 1.45 1.98 0.44 1.71 1.10 0.34 0.76 0.58 2.35 2.16 0.71 1.81 1.58 2.31 0.88 2.34 2.02 1.51 1.29 1.29 1.43 1.07 1.14 0.42 0.90 
1.21 0.86 1.08 1.24 1.71 1.02 1.01 0.86 1.85 1.96 1.83 0.52 0.65 2.98 2.51 1.04 1.61 2.30 1.90 2.67 2.85 0.58 2.96 1.28 0.74 1.37 1.78 0.68 0.44 0.68 
1.85 1.53 1.54 0.36 0.36 1.95 1.12 0.52 1.59 0.44 1.53 1.10 2.38 1.71 2.52 2.21 2.29 0.71 0.82 2.71 1.60 1.50 2.57 2.68 0.35 0.59 0.69 1.89 0.59 1.61 
0.86 1.12 0.34 1.61 1.98 1.59 1.68 0.50 0.46 0.43 1.99 1.83 1.95 1.24 2.06 2.26 0.93 1.55 1.37 1.04 1.13 2.39 1.24 1.02 0.63 1.43 0.71 1.44 1.86 1.41 
1.68 1.58 0.51 1.86 1.89 1.71 0.44 1.40 1.82 1.61 1.61 1.79 1.77 2.96 2.48 0.89 1.23 1.91 2.32 0.79 1.71 2.57 0.87 0.84 1.81 1.65 0.47 0.98 0.87 0.44 
1.05 0.53 1.72 0.48 0.62 0.49 1.33 0.96 1.07 1.41 1.51 0.99 1.82 0.90 1.28 1.99 2.57 0.50 1.36 1.43 1.99 1.78 2.52 0.91 1.00 1.61 0.59 0.44 1.18 0.69 
0.43 0.89 0.62 1.13 1.63 1.68 1.52 0.76 0.55 0.98 0.60 0.75 1.36 0.93 0.97 2.57 1.71 1.04 1.82 0.54 2.46 0.88 2.67 0.76 1.30 1.27 1.64 0.76 0.87 1.70 
1.36 1.01 1.03 1.10 1.21 1.50 1.10 1.80 1.91 1.72 1.77 0.42 2.93 1.51 0.64 2.65 2.70 0.70 2.46 0.54 0.58 2.18 2.04 2.69 1.72 0.57 0.92 1.26 0.91 1.17 
0.61 1.72 0.36 0.36 1.89 1.07 1.62 1.32 0.40 1.96 1.05 1.45 0.82 1.28 1.45 1.62 2.31 0.58 2.56 2.18 0.85 2.57 2.09 2.21 1.76 1.59 1.22 1.48 0.54 0.60 
0.81 1.99 0.83 1.99 1.78 1.72 0.57 1.17 0.40 0.75 1.01 1.07 2.59 2.38 0.71 2.80 0.84 1.55 2.79 0.69 1.52 0.77 2.63 2.26 1.32 1.61 0.61 0.56 0.62 0.59 
0.43 0.86 1.54 0.43 0.69 0.91 1.82 0.75 1.82 0.75 1.68 0.38 2.33 1.52 2.73 0.65 2.12 1.14 2.58 2.69 2.88 2.32 1.80 2.12 1.56 1.96 1.59 1.72 0.85 1.86 
0.43 0.82 1.53 1.33 0.53 1.29 0.42 0.74 1.33 1.31 1.32 0.48 1.92 0.87 2.29 2.12 2.67 0.75 0.66 0.93 1.57 0.58 1.44 2.77 0.59 0.63 1.82 1.33 0.53 0.88 
1.68 0.52 0.67 1.56 0.46 1.31 1.61 0.39 0.87 1.20 1.95 1.25 2.18 2.68 1.97 1.59 1.59 2.69 2.80 1.02 1.34 1.46 1.24 0.54 1.83 1.71 0.42 1.36 0.86 0.39 
1.84 1.80 0.44 0.43 0.86 0.82 0.62 1.30 0.46 1.80 0.41 1.07 1.38 2.96 0.50 1.49 2.67 1.46 1.28 2.96 2.68 2.68 1.45 1.12 0.83 1.59 1.80 0.75 1.65 0.75 
0.82 1.80 1.62 1.59 0.80 0.68 0.76 1.37 0.59 1.91 1.01 0.82 0.70 2.18 2.30 2.63 0.79 1.86 2.98 0.50 1.56 0.59 2.01 1.59 1.80 1.08 0.95 1.01 1.27 0.80 
1.99 0.82 1.03 0.39 1.27 0.51 0.54 1.51 1.70 0.91 1.96 1.99 0.82 2.23 2.29 1.10 2.88 1.12 0.94 2.78 2.59 0.89 1.81 1.15 1.96 1.55 1.08 1.77 0.94 0.77 
0.61 0.44 0.91 0.91 1.86 0.47 0.91 1.05 1.68 1.65 0.67 1.98 1.15 1.34 0.93 2.67 2.59 0.91 0.98 1.48 1.77 1.55 2.98 2.59 0.84 1.81 0.46 1.36 0.51 1.62 
1.07 1.06 1.56 0.57 1.99 0.90 0.69 0.54 1.41 1.62 1.94 1.38 2.44 2.64 2.90 2.93 2.00 2.29 1.12 2.05 1.29 2.68 1.29 1.52 1.59 1.51 1.94 1.39 1.96 0.77 
1.99 0.58 0.75 0.91 1.12 1.91 1.60 1.38 0.35 0.90 0.59 1.99 2.21 2.12 2.70 2.31 2.79 1.81 0.85 1.69 2.99 1.98 1.09 2.57 0.60 1.14 0.60 0.73 1.50 1.40 
1.50 1.59 1.57 1.48 0.82 1.62 1.82 0.62 0.91 1.71 1.80 0.74 2.32 2.60 2.96 1.43 2.47 1.94 1.33 1.98 1.60 1.82 1.20 1.71 1.62 1.33 0.62 1.01 0.67 1.02 
1.62 0.95 1.57 1.01 1.01 0.44 0.88 0.89 1.65 1.77 1.55 1.25 0.52 1.03 2.66 2.36 2.39 2.01 1.77 0.60 1.55 2.25 1.32 1.02 1.53 0.69 1.04 1.92 1.76 1.22 
0.76 1.76 0.91 0.87 0.51 1.61 0.91 1.99 1.98 0.50 1.12 0.56 2.31 1.67 1.01 0.71 0.52 1.59 1.14 1.34 1.82 2.80 2.18 1.08 0.40 0.33 1.78 1.14 1.72 1.67 
1.65 1.06 0.91 0.95 0.40 1.14 1.10 0.61 1.64 1.71 1.97 1.72 0.75 1.34 0.77 2.23 1.44 2.47 0.89 1.76 2.56 2.18 1.28 2.95 1.21 1.80 1.59 1.50 1.39 0.91 
0.39 1.41 1.21 0.89 0.60 1.47 1.96 0.59 1.07 1.71 0.50 1.97 2.51 1.42 2.10 1.60 1.45 0.83 2.93 1.60 1.93 1.29 1.99 2.39 0.94 0.47 0.55 0.61 1.79 0.95 
0.59 0.42 0.35 0.97 1.92 1.23 1.73 1.59 1.21 1.87 0.40 1.65 2.64 0.99 0.82 0.90 1.04 1.36 1.42 0.69 0.57 1.11 2.56 2.58 1.70 1.79 1.21 0.65 0.86 0.42 
