540 558 506 712 505 991 883 850 771 673 694 934 700 564 962 668 582 949 689 767 747 520 876 610 
844 587 809 635 779 940 691 586 960 528 798 822 576 737 990 535 811 670 994 858 976 971 543 939 
697 847 554 728 903 562 648 797 505 833 975 676 747 640 889 808 874 615 666 822 863 799 585 999 
586 672 812 870 927 980 641 569 952 536 795 644 909 755 591 680 925 859 913 702 898 751 557 956 
713 755 640 783 546 967 879 939 611 657 693 830 873 734 675 748 837 941 645 847 678 566 574 689 
587 567 839 834 817 656 865 580 592 990 843 555 589 761 835 525 903 587 716 878 983 736 511 887 
661 851 811 958 540 950 596 731 607 606 887 986 574 857 813 959 581 984 760 782 502 952 933 904 
747 922 762 953 539 866 721 635 818 933 744 898 504 868 559 704 507 881 875 876 983 992 990 614 
965 535 999 916 611 570 938 728 963 640 779 807 706 898 855 893 555 747 902 906 526 803 532 513 
972 567 572 541 872 848 844 830 515 597 560 737 818 928 664 659 672 749 546 519 793 511 701 831 
732 765 518 553 774 775 515 584 623 634 960 860 848 878 947 666 750 787 599 863 875 632 738 892 
559 802 941 516 520 811 555 902 593 882 863 760 896 855 704 881 778 851 503 559 562 717 760 973 
706 909 695 768 639 600 869 664 642 916 704 582 785 841 984 860 530 938 514 809 779 684 762 923 
719 810 911 734 974 695 896 911 696 964 613 800 847 572 611 778 535 787 706 877 927 599 591 773 
847 727 618 866 824 985 578 796 960 937 905 866 621 857 892 961 583 670 574 692 877 635 630 610 
715 701 712 956 997 554 784 540 530 516 659 988 704 583 535 673 507 511 986 833 880 977 968 943 
539 972 517 582 514 728 971 631 786 557 647 776 515 662 540 907 506 559 721 645 631 915 777 826 
629 678 696 930 735 569 797 534 815 564 863 527 718 667 818 919 747 877 864 720 745 878 668 981 
913 617 758 734 627 550 974 643 621 965 887 879 543 911 768 776 504 899 788 516 884 654 766 676 
757 823 905 607 954 678 578 749 868 967 856 593 782 704 588 644 572 798 985 852 798 552 753 601 
808 708 979 991 614 796 584 744 900 714 771 713 678 567 547 589 725 922 998 518 524 754 636 996 
626 517 757 980 897 837 873 839 805 516 910 857 981 619 981 619 948 539 686 781 994 603 981 788 
848 845 834 780 885 755 958 529 753 891 574 872 909 911 762 740 709 655 596 501 792 585 871 968 
632 977 860 540 776 905 683 560 872 668 942 637 765 954 983 752 511 636 680 632 835 748 834 983 
644 782 870 807 854 607 637 646 906 908 762 718 970 672 619 556 974 901 597 852 697 808 994 867 
812 926 955 869 877 653 549 697 902 891 641 673 744 565 902 707 708 930 876 563 852 701 683 886 
629 654 535 709 614 998 891 786 690 912 683 719 704 789 676 975 713 835 662 523 569 819 789 925 
731 878 975 852 799 897 963 629 887 648 718 528 616 945 963 648 564 739 815 856 717 686 562 887 
510 835 796 826 735 730 690 806 689 833 880 910 551 794 506 852 631 736 600 680 731 826 646 831 
506 558 735 510 814 760 895 500 692 500 781 608 712 670 529 606 576 644 731 627 980 568 582 625 
844 911 896 603 687 589 795 970 503 542 529 984 653 824 972 892 895 841 996 974 799 541 530 842 
941 941 749 970 852 551 956 536 878 830 841 819 672 968 944 973 727 906 746 665 926 610 962 665 
750 787 728 616 890 789 983 817 643 649 505 501 596 751 643 707 714 822 961 947 601 502 578 535 
797 916 667 543 616 781 674 965 658 699 934 835 740 923 506 623 628 506 680 893 566 865 686 810 
733 911 839 720 885 545 892 656 547 911 568 727 765 945 821 993 545 888 509 550 730 524 815 669 
686 580 837 945 810 793 911 581 979 824 874 502 692 787 562 654 790 814 990 958 742 675 785 524 
638 629 552 823 633 767 986 687 720 779 683 594 835 658 699 839 924 512 556 802 716 766 507 680 
586 650 997 628 508 522 887 923 723 679 632 864 879 935 723 754 510 873 835 939 870 816 748 997 
736 666 723 789 940 887 657 739 504 560 950 793 879 528 646 659 915 789 551 555 822 931 623 804 
982 505 588 749 635 879 843 581 542 728 833 809 905 933 718 700 892 820 767 689 793 749 551 818 
920 723 613 960 503 799 941 644 971 709 675 980 604 723 616 746 696 909 726 900 970 585 935 814 
637 852 692 748 578 763 821 626 805 769 885 845 921 735 856 974 987 926 540 794 774 507 816 789 
542 709 891 808 586 936 864 728 937 742 557 615 715 690 675 956 759 763 969 690 790 607 739 894 
978 517 597 572 926 691 574 667 683 923 731 503 552 506 628 504 561 757 552 661 602 706 596 850 
864 594 762 709 814 966 912 929 603 781 502 929 894 547 665 509 743 667 830 693 790 757 694 631 
621 857 988 500 825 560 596 533 854 729 724 858 946 567 921 537 990 971 911 734 829 678 779 637 
636 886 715 842 601 613 628 542 828 714 560 506 918 588 982 926 886 722 644 861 656 878 799 631 
504 806 754 618 967 532 783 578 828 873 628 682 941 969 868 631 769 727 620 826 633 728 623 665 
805 734 904 715 697 601 830 589 516 992 992 998 891 918 988 581 606 784 785 733 677 711 987 767 
663 536 935 896 702 539 713 615 906 545 748 715 871 687 815 774 663 733 891 585 799 522 913 631 
842 655 645 816 860 732 958 810 633 537 957 960 605 714 538 885 703 575 542 963 792 848 841 546 
618 749 782 906 770 923 553 965 758 915 676 569 985 945 920 625 969 903 589 580 836 595 743 848 
695 891 545 886 654 577 542 782 854 791 828 816 528 607 644 591 695 903 619 964 761 800 945 601 
892 594 946 657 667 692 596 648 628 733 673 752 996 660 868 886 910 656 790 514 709 984 927 799 
873 883 754 818 874 800 801 665 825 872 626 943 913 694 754 724 765 521 762 687 968 695 847 810 
654 704 793 559 626 904 915 680 662 563 666 816 755 515 720 796 650 823 973 560 700 989 527 822 
647 875 838 685 596 606 857 567 555 874 592 888 533 669 660 638 844 604 513 520 841 601 664 544 
985 867 843 511 730 677 647 511 864 629 878 632 549 657 884 745 940 696 836 827 895 556 514 909 
880 642 785 889 846 811 587 542 938 775 869 699 545 585 532 698 817 849 581 812 900 970 793 528 
768 810 832 610 649 824 900 577 677 801 577 792 524 514 706 525 881 686 728 943 793 787 549 644 
983 845 628 933 900 540 591 705 891 983 818 893 971 737 574 585 850 707 850 525 935 711 760 842 
712 620 904 991 997 613 785 982 683 689 952 634 735 750 694 689 817 620 720 770 545 573 893 757 
993 506 700 825 709 546 782 976 621 998 959 538 816 670 809 729 847 732 501 504 797 889 692 536 
985 782 922 791 823 646 578 808 938 881 618 889 816 828 862 556 856 651 792 740 812 856 936 803 
779 613 505 600 947 662 616 953 520 703 532 973 795 817 984 863 527 562 764 885 827 543 910 873 
988 844 909 731 719 876 998 538 923 786 740 958 783 713 699 819 505 804 645 820 752 511 858 971 
872 848 724 972 681 868 927 898 679 782 687 638 702 754 604 703 629 523 796 611 903 636 648 699 
745 708 611 835 553 735 615 621 626 619 782 812 951 691 767 795 943 635 641 595 630 856 912 513 
917 939 842 606 673 989 907 863 532 757 801 539 891 589 593 760 745 852 683 589 613 624 902 939 
917 547 688 762 837 898 886 647 744 504 890 517 990 815 918 793 913 527 870 985 556 785 827 803 
754 638 896 522 803 518 691 929 622 656 911 839 886 966 569 763 770 557 561 961 552 655 897 709 
951 846 523 771 705 663 810 655 513 695 887 881 593 981 643 606 733 605 832 579 843 530 847 515 
624 825 852 616 616 562 587 578 995 803 784 563 624 702 759 723 985 887 876 504 747 891 681 567 
838 562 667 809 531 963 711 567 667 939 902 734 774 619 536 630 945 772 758 600 994 544 884 931 
997 737 610 812 996 914 915 682 714 733 600 942 805 549 529 608 759 943 754 658 708 952 853 878 
515 921 898 721 658 999 649 739 510 945 623 823 794 518 897 608 580 879 546 991 814 507 803 871 
527 818 626 836 963 750 978 629 502 733 772 873 888 572 539 654 881 899 505 671 593 990 896 807 
874 832 915 590 766 502 945 645 627 993 671 841 711 775 947 500 548 516 825 627 644 967 830 751 
631 698 666 618 599 948 659 557 513 507 881 505 694 663 533 792 511 862 748 880 515 885 660 938 
908 924 647 697 850 613 848 685 711 660 604 573 548 862 675 974 656 923 643 652 725 593 582 762 
695 799 684 814 594 540 640 731 718 968 741 956 650 674 737 705 766 843 666 604 962 568 946 522 
978 715 694 611 838 895 811 611 518 673 539 674 593 826 807 525 753 536 783 945 677 564 729 677 
901 558 818 957 921 779 749 534 926 651 588 642 639 677 901 514 917 866 876 675 844 966 736 839 
702 904 892 898 823 966 902 589 946 886 909 569 828 607 902 722 993 646 701 703 619 574 771 782 
685 786 522 731 633 839 928 583 926 756 895 749 998 846 951 578 724 691 938 585 669 576 529 695 
977 780 500 961 924 761 835 877 740 885 837 973 967 992 574 572 729 697 590 654 898 969 952 935 
815 641 816 876 787 635 827 977 752 812 808 814 618 970 771 926 888 672 976 761 839 658 819 541 
619 769 516 504 773 911 630 628 821 716 634 547 641 680 833 518 530 696 569 900 951 506 789 741 
595 731 659 704 992 770 530 661 577 967 714 940 688 583 618 817 632 731 931 963 575 561 685 716 
626 598 614 615 624 759 892 830 743 735 933 672 686 980 560 555 823 756 996 869 795 737 730 863 
694 847 956 756 582 608 893 923 729 908 927 633 551 725 644 917 904 961 940 815 964 668 516 815 
578 582 709 981 592 989 724 854 769 589 934 844 572 635 599 973 661 760 909 914 632 518 937 954 
602 811 681 576 918 967 519 515 833 894 502 763 691 830 564 610 708 860 833 949 634 967 849 685 
648 545 647 724 510 886 752 636 579 819 783 705 951 769 978 727 614 654 589 515 588 644 694 707 
712 957 629 606 803 947 853 888 580 927 677 653 846 728 932 922 559 674 762 780 550 749 847 540 
744 857 517 867 920 724 793 989 596 588 572 688 830 956 753 933 784 859 747 625 574 607 939 544 
518 731 792 719 541 872 899 570 617 543 932 793 739 785 550 584 560 885 952 912 939 927 891 707 
782 598 590 917 677 771 628 529 945 530 971 795 866 918 983 980 953 815 842 627 772 982 925 917 
951 924 863 861 601 863 569 654 563 722 684 673 945 661 504 708 610 808 580 654 840 990 797 996 
572 855 885 578 691 924 914 731 528 734 969 997 795 847 819 783 843 645 517 922 744 934 997 738 
