1.10 0.40 1.31 0.89 1.43 0.78 0.44 0.99 0.47 0.62 1.53 0.62 2.28 1.91 1.11 1.03 1.60 1.23 2.28 0.82 2.67 0.93 2.63 2.39 0.61 1.10 0.43 0.74 1.19 1.03 
1.77 0.35 1.68 1.02 1.64 1.81 1.56 1.96 1.67 1.01 1.78 0.46 1.58 1.97 2.88 1.42 0.85 1.53 2.58 0.88 1.97 2.80 2.88 0.54 1.53 1.32 0.94 0.38 1.27 0.50 
1.85 1.41 1.06 0.52 1.56 1.76 0.55 1.91 1.36 0.74 1.02 1.02 0.82 1.97 2.39 2.25 0.90 1.86 2.01 2.68 1.32 1.52 1.60 1.82 0.91 0.71 0.86 1.23 1.80 0.45 
1.56 0.47 1.06 0.82 1.13 0.74 0.50 0.59 0.78 1.56 1.80 1.76 2.29 0.59 1.07 1.53 1.00 0.64 0.61 2.47 2.38 0.88 1.49 0.74 0.53 0.36 1.96 0.47 1.14 0.43 
1.79 1.20 0.82 1.65 1.48 1.71 1.76 0.88 1.32 1.63 1.48 0.75 2.21 0.71 2.26 2.69 1.13 2.57 2.70 2.57 1.26 0.55 2.05 1.79 1.28 0.34 1.15 1.03 0.91 0.52 
0.35 0.76 0.55 1.06 1.21 0.76 1.03 1.82 1.97 1.98 1.64 0.49 2.96 1.55 2.69 0.93 1.41 0.84 2.88 0.52 0.71 2.71 0.97 1.38 1.77 1.70 1.33 1.59 1.03 0.91 
1.81 0.51 0.34 1.33 0.83 0.98 0.47 0.86 1.82 1.33 1.11 0.51 2.68 2.80 0.82 2.47 2.17 0.74 0.52 0.75 2.54 1.12 1.71 2.54 0.58 0.87 1.21 1.59 1.92 1.14 
1.62 0.61 1.92 0.88 1.77 1.99 0.75 0.95 1.53 0.34 1.65 1.72 0.60 0.58 1.81 2.52 2.49 1.43 1.93 2.89 1.79 1.49 1.12 0.80 0.44 0.59 1.07 0.34 0.71 1.27 
0.89 1.01 1.41 1.05 1.77 1.99 1.56 1.76 1.08 1.59 0.86 1.22 0.85 2.28 1.83 0.69 1.59 0.67 0.79 1.14 2.99 2.80 0.55 2.75 1.62 0.88 1.17 0.42 0.34 1.05 
0.64 1.53 1.86 1.26 1.22 0.59 0.44 1.59 1.68 1.23 0.97 1.03 0.71 2.00 1.50 2.72 0.88 2.88 2.32 2.78 1.37 1.71 2.87 1.78 1.26 1.95 0.95 1.89 1.60 1.14 
0.90 0.71 1.48 0.99 1.37 0.59 0.91 1.45 0.76 0.62 1.10 0.75 1.69 1.52 2.21 2.96 1.29 0.82 1.04 2.21 0.54 1.28 2.65 2.47 1.41 1.30 1.71 0.94 1.71 1.62 
1.55 0.75 1.32 0.91 1.83 1.06 0.98 0.51 1.94 1.85 1.27 0.66 1.02 1.23 2.25 2.57 1.77 0.58 1.79 1.87 2.47 1.42 0.69 2.92 0.90 0.77 1.88 1.90 1.03 1.10 
1.36 1.19 1.19 1.61 1.94 1.17 1.45 0.94 1.14 0.91 1.43 1.58 1.11 1.89 1.71 1.52 1.53 2.79 2.26 1.71 1.56 2.72 1.50 0.89 1.02 0.41 0.86 0.91 1.04 0.87 
1.27 0.76 1.87 0.62 0.73 1.96 0.69 1.68 0.47 0.77 0.53 1.07 1.49 0.66 0.69 1.99 2.70 1.88 0.79 0.54 2.36 0.87 1.24 2.49 0.62 1.72 0.45 1.89 1.22 1.68 
1.31 1.92 1.56 0.47 1.90 1.59 0.59 0.77 1.27 1.41 1.61 1.11 2.73 0.65 0.57 2.07 0.88 2.98 1.67 1.79 1.17 1.57 1.99 2.79 0.65 1.67 1.59 1.29 0.91 1.70 
0.41 1.67 0.42 0.57 0.46 1.59 1.72 0.66 1.22 1.92 1.40 1.37 1.06 2.87 2.72 2.36 1.81 2.68 1.60 1.41 1.04 1.25 2.62 0.60 1.39 0.84 0.73 1.60 0.87 1.72 
1.00 0.88 1.86 1.04 0.47 1.36 0.38 0.46 1.92 0.38 1.64 1.83 0.58 1.92 1.52 0.75 0.63 1.37 1.26 2.60 0.61 2.17 0.99 0.88 1.19 0.74 1.55 1.11 0.36 0.76 
1.00 1.40 1.71 1.95 0.69 1.61 1.31 1.45 1.89 1.54 0.74 1.07 2.29 1.21 1.97 1.37 0.82 2.98 0.89 1.60 2.69 2.31 2.51 2.41 1.71 0.43 1.62 0.71 1.63 0.66 
0.76 1.55 0.62 1.40 1.18 1.75 1.76 0.36 1.67 1.42 0.55 1.13 0.89 2.66 1.60 1.79 0.71 0.93 0.71 1.42 0.70 1.82 2.79 1.60 0.92 0.88 0.71 0.69 0.55 0.86 
0.36 1.36 0.57 0.46 1.98 0.92 1.89 0.86 0.67 1.25 1.94 1.08 1.69 2.89 2.98 2.93 0.62 1.77 1.89 1.81 0.54 1.03 1.51 0.82 1.33 0.39 1.37 1.34 0.47 1.47 
0.87 1.04 1.28 0.98 1.31 0.80 1.83 0.59 0.46 0.46 1.72 1.61 1.15 2.65 1.55 1.52 2.34 1.06 2.31 2.84 2.72 2.65 1.36 0.89 0.56 1.28 1.92 1.28 1.44 0.62 
1.94 1.78 1.77 0.91 1.40 1.70 0.44 0.83 1.47 0.44 0.62 1.37 2.70 1.02 2.41 1.76 1.04 0.82 1.56 0.64 1.26 1.42 2.46 1.26 1.86 1.23 1.48 1.75 0.62 0.53 
0.36 1.71 0.94 1.30 0.44 1.56 1.37 1.77 1.61 0.58 0.69 0.68 0.82 0.89 0.66 1.28 1.06 1.62 1.95 2.21 2.39 0.83 2.52 2.15 1.51 0.77 0.52 0.58 1.50 0.59 
0.82 1.59 0.56 1.01 1.17 1.91 1.11 1.89 0.52 0.76 1.17 0.39 2.33 2.21 1.11 2.05 1.26 2.47 2.43 2.39 0.64 1.83 2.18 1.88 0.58 1.80 1.34 1.94 1.60 1.53 
0.68 1.99 1.81 0.56 0.45 1.94 0.50 0.71 1.33 1.37 0.46 1.96 2.74 0.69 2.51 1.02 0.93 2.18 0.85 2.65 1.21 0.97 1.60 2.96 1.62 1.64 1.91 0.67 1.64 1.80 
1.03 1.62 0.82 0.73 1.21 0.60 1.19 1.33 0.86 0.84 1.74 1.06 1.20 2.31 1.97 1.71 0.88 1.12 0.67 1.61 2.39 2.91 2.39 2.57 1.59 0.59 1.96 0.68 0.69 0.94 
1.08 1.91 0.37 1.36 1.55 1.36 1.84 1.85 0.35 1.78 0.40 0.46 1.64 2.65 2.84 1.24 1.36 2.58 0.65 1.02 2.24 1.48 1.01 1.37 0.40 0.40 1.59 0.84 1.71 1.21 
1.86 1.81 0.69 0.92 0.48 1.50 0.80 0.84 1.00 0.67 1.20 1.07 2.41 1.69 2.10 1.44 1.56 0.98 0.80 1.98 2.97 0.75 1.53 2.46 0.38 1.59 0.46 0.42 1.01 0.85 
0.35 0.75 1.72 1.53 1.70 0.99 1.85 1.53 1.04 1.61 0.94 0.51 0.78 1.97 0.62 1.15 2.35 2.60 2.38 2.58 1.89 2.15 0.58 2.52 1.60 1.64 0.40 1.14 0.82 0.75 
1.61 1.08 0.59 0.38 1.22 1.31 0.87 0.99 1.72 1.80 0.91 0.34 1.14 1.52 0.61 2.75 0.71 2.78 0.71 1.27 1.23 2.30 1.99 0.82 1.04 1.89 0.59 1.01 1.54 1.91 
1.84 1.41 1.32 1.72 0.57 1.54 0.55 0.60 0.34 0.80 1.58 0.55 1.61 2.96 2.60 1.12 2.41 2.24 1.29 2.74 2.59 2.67 1.37 1.52 0.62 1.72 1.25 1.98 0.95 0.43 
0.42 1.96 0.99 0.75 0.39 0.82 1.82 1.38 1.48 0.87 1.45 1.45 1.30 2.01 1.99 1.97 0.60 1.59 2.06 0.87 1.88 2.21 0.76 0.75 1.56 1.65 1.57 1.61 1.95 0.40 
0.58 0.87 1.58 1.62 1.03 0.39 1.29 0.69 1.57 1.22 1.80 0.39 1.53 0.59 2.69 0.52 0.55 2.55 1.56 2.18 1.43 1.42 2.36 1.15 1.06 1.36 0.44 1.30 0.47 0.47 
0.92 0.75 1.97 0.51 1.94 0.65 1.21 1.96 0.81 0.95 1.89 1.82 0.64 2.38 1.14 2.58 1.83 1.25 2.25 2.39 1.36 1.76 1.28 1.81 1.22 0.51 0.61 0.71 1.50 0.35 
1.70 1.27 1.57 0.99 1.71 1.50 1.71 1.71 0.87 1.82 1.80 1.61 1.36 1.23 0.69 2.92 1.40 1.37 1.36 0.89 1.90 1.93 2.48 2.59 0.97 0.91 0.73 0.82 0.52 0.51 
0.62 0.55 1.48 0.35 1.76 0.82 1.29 0.50 0.99 1.30 1.92 1.21 1.78 0.77 1.86 1.15 2.59 0.93 0.60 0.61 1.02 1.64 0.96 0.52 0.58 0.52 1.46 1.72 1.33 1.78 
1.78 1.36 1.56 1.70 1.24 1.21 0.56 1.30 0.42 1.71 0.59 1.05 0.79 2.96 2.65 1.29 2.69 2.70 1.77 2.80 2.52 1.10 1.52 0.57 1.38 1.96 1.41 0.54 0.59 1.41 
1.14 1.50 0.58 0.82 0.66 0.76 1.44 0.96 0.75 1.30 0.74 1.57 0.65 0.98 0.99 1.33 2.32 0.58 0.65 2.41 1.14 2.00 1.79 1.94 1.21 1.22 1.42 0.33 1.53 0.69 
0.59 1.13 1.14 1.92 1.25 1.50 1.71 0.90 1.98 0.52 1.23 0.62 2.88 1.55 2.63 2.65 2.05 1.23 2.72 2.06 2.34 1.15 2.38 2.33 0.91 1.37 1.77 0.58 0.42 1.03 
1.54 1.40 0.73 1.32 1.50 1.00 1.37 1.98 0.46 1.47 1.94 0.91 0.64 2.47 1.90 2.29 2.45 0.58 0.82 0.74 1.51 1.79 1.23 2.63 1.37 1.43 1.51 1.82 0.47 0.48 
1.94 0.97 0.68 0.40 1.07 1.71 1.50 1.70 1.59 1.21 1.62 1.03 0.54 2.15 0.85 0.58 2.68 2.87 2.78 2.36 2.58 1.24 0.71 2.18 1.07 0.51 0.74 0.83 0.92 1.55 
0.91 0.59 0.95 0.78 0.58 1.83 0.86 1.99 0.88 0.59 1.78 0.76 0.84 2.19 0.64 2.57 0.54 1.81 1.55 2.65 1.43 1.36 0.88 1.50 0.44 0.50 1.11 1.36 1.24 1.87 
0.42 0.47 0.37 1.61 0.88 0.78 0.86 1.66 1.44 1.70 1.50 0.88 0.71 2.69 1.20 1.36 1.79 1.26 2.12 1.60 0.69 2.93 1.43 0.90 1.71 1.68 0.44 1.12 1.33 1.62 
1.17 1.91 1.99 1.86 1.59 0.80 1.77 1.78 0.94 0.71 1.61 1.21 0.64 1.81 0.70 2.65 1.65 0.58 2.06 0.90 1.34 2.29 1.97 1.42 0.50 0.65 0.91 0.69 1.86 1.78 
1.96 1.85 0.38 0.66 1.60 0.91 1.64 1.08 1.92 1.71 1.26 1.75 2.79 0.78 2.59 0.70 1.82 1.36 1.62 2.26 1.28 1.57 1.14 1.69 0.58 1.25 1.45 0.62 1.59 1.45 
1.47 0.74 1.05 1.03 1.54 1.62 1.64 1.59 1.28 0.35 0.57 1.77 0.58 1.29 1.81 0.64 1.28 2.79 2.58 2.58 1.38 2.18 2.59 0.58 0.96 0.86 1.71 1.53 1.96 1.65 
0.59 0.34 0.88 1.95 0.59 0.99 1.47 0.68 1.56 0.42 1.55 0.44 2.98 1.56 1.82 0.91 1.99 1.33 2.47 2.63 2.74 2.13 0.90 0.98 1.17 1.23 0.46 1.52 1.31 0.49 
0.58 1.11 1.10 0.69 0.38 0.57 1.96 0.35 0.74 0.53 1.25 0.86 2.58 0.93 2.57 2.12 2.43 1.93 1.28 0.92 0.89 2.67 2.38 1.49 1.21 1.04 0.52 1.21 0.53 1.72 
0.68 1.01 1.65 0.99 0.51 0.43 0.91 0.99 1.54 1.36 1.64 1.48 2.69 2.65 0.66 1.70 2.63 2.12 1.32 1.26 1.29 2.38 2.63 1.26 1.03 1.52 0.40 0.78 1.04 0.61 
1.59 1.04 0.43 1.01 0.95 1.42 1.61 1.37 1.07 0.71 0.62 1.47 2.57 1.61 0.75 2.34 2.87 1.24 0.50 0.55 2.98 2.96 2.35 1.43 1.10 1.97 0.88 0.68 1.03 0.62 
1.63 1.06 0.61 0.73 1.50 1.94 0.62 1.83 0.71 1.30 1.71 1.98 2.56 1.15 2.05 2.58 0.65 0.75 1.49 2.72 1.36 1.77 1.23 1.56 1.01 1.70 1.51 1.80 1.91 1.36 
1.29 1.91 1.86 0.59 0.44 0.78 0.91 1.81 1.44 1.99 1.33 0.77 2.52 0.88 2.71 2.21 1.88 2.85 2.35 1.27 0.70 2.73 2.73 2.47 0.98 0.39 1.00 1.79 0.86 1.42 
1.45 1.96 1.91 1.86 1.77 1.43 1.77 1.06 1.72 0.99 0.58 0.69 1.71 0.71 2.29 2.16 0.89 2.96 1.92 0.69 1.37 1.38 0.78 2.43 0.99 1.81 1.79 0.42 1.72 0.88 
1.52 1.59 0.39 1.68 1.98 1.33 1.07 0.99 0.64 0.75 0.80 0.69 1.97 0.60 1.83 2.31 1.04 2.25 1.32 2.00 1.27 0.92 1.55 1.75 1.33 1.96 0.89 1.59 1.45 0.82 
0.69 1.02 0.76 0.84 1.31 1.30 0.95 0.60 0.36 1.06 1.72 1.64 2.72 2.77 2.38 1.84 2.25 1.26 0.74 1.47 0.58 0.90 2.93 2.96 1.71 1.79 0.99 1.12 0.59 1.27 
0.46 1.29 0.61 1.43 0.40 0.58 1.85 1.99 1.41 0.84 0.96 0.81 0.64 1.26 2.86 2.31 1.79 0.64 2.58 2.43 1.81 2.96 2.31 2.48 1.59 1.23 1.72 0.52 1.22 0.82 
1.07 0.35 1.83 1.68 1.33 0.39 1.26 0.84 1.96 1.10 0.82 1.82 0.85 2.68 1.71 1.61 1.37 2.56 0.94 0.64 2.96 1.67 0.93 1.97 1.64 0.51 1.07 1.14 1.55 1.99 
0.44 0.44 0.72 1.53 0.73 1.72 1.07 1.00 0.82 0.77 0.75 1.36 1.33 2.69 1.59 0.78 2.69 2.34 2.21 1.95 2.70 0.94 2.34 0.62 1.60 1.03 1.05 0.40 1.37 1.19 
0.69 0.86 0.82 1.27 0.51 1.79 1.40 0.60 0.34 0.61 0.48 0.60 1.50 2.52 1.89 0.65 1.07 1.64 1.32 0.76 2.73 2.29 2.41 2.25 1.56 1.00 1.77 0.45 0.77 1.06 
1.78 1.15 1.63 0.42 1.18 1.10 1.50 1.96 0.73 1.47 1.25 1.37 0.71 2.39 1.24 0.52 2.29 0.89 0.65 2.06 1.21 2.93 2.21 1.43 0.99 0.86 1.25 0.82 1.25 0.76 
0.91 0.85 1.83 0.59 1.98 1.72 0.90 1.01 0.34 0.36 1.06 1.34 2.06 0.93 2.77 2.71 0.88 1.34 1.04 2.81 1.82 0.57 2.55 0.85 1.89 0.65 0.42 1.78 0.75 1.29 
0.86 0.82 0.33 0.57 1.64 1.73 0.88 1.53 1.60 0.82 1.81 1.13 2.57 1.20 1.65 0.87 1.79 1.69 1.82 1.55 1.35 2.43 1.70 2.52 0.86 1.59 0.89 1.95 1.45 1.72 
0.88 0.75 0.69 0.59 0.39 0.84 1.91 1.41 1.72 1.48 0.43 1.56 2.01 1.69 2.96 1.45 2.55 2.43 1.69 1.35 2.87 0.87 1.33 0.87 1.44 0.59 1.82 1.07 1.82 1.95 
1.97 0.82 0.82 1.88 1.82 0.40 1.62 0.65 1.67 0.83 0.72 1.95 1.02 1.89 2.92 1.70 0.89 1.79 1.26 1.32 1.93 1.11 0.75 1.12 1.68 1.20 1.34 0.74 0.89 1.05 
0.43 1.19 1.67 1.48 0.42 1.40 0.95 0.71 1.17 1.04 1.59 0.69 2.60 1.07 2.19 0.51 1.26 1.08 2.46 1.36 1.56 1.34 0.61 1.89 1.70 1.17 0.95 0.64 1.89 0.95 
1.86 0.35 0.91 0.40 1.78 1.59 1.85 0.43 1.33 0.51 0.91 0.91 2.09 2.79 2.96 1.60 2.13 2.51 1.61 1.13 2.06 2.34 1.58 2.44 0.91 0.55 1.72 1.07 0.75 0.95 
0.50 1.37 1.61 0.60 1.62 0.42 0.88 0.68 0.71 0.84 1.25 0.46 1.57 2.73 1.24 1.89 1.99 2.26 2.52 0.65 2.78 0.98 1.28 2.56 0.35 1.77 1.55 1.78 1.11 0.34 
0.88 0.84 1.48 1.67 0.59 1.21 0.84 0.95 0.95 1.50 0.99 1.03 1.28 1.06 1.12 0.85 0.94 1.97 1.67 1.46 2.65 0.66 2.70 2.06 0.92 1.77 0.43 1.83 1.96 1.71 
0.84 0.59 1.52 1.03 1.34 1.33 1.72 0.44 1.78 0.44 1.59 1.30 1.23 2.34 1.47 2.79 1.24 1.58 2.56 2.77 1.56 0.62 2.44 1.79 0.37 1.96 0.40 0.99 1.25 0.43 
1.01 0.75 1.01 1.86 1.76 1.51 1.72 0.59 1.47 0.91 0.69 0.88 0.65 1.01 1.23 2.90 1.57 2.29 1.94 0.75 1.44 0.75 0.75 2.59 1.71 1.44 1.36 1.56 0.59 1.32 
1.10 1.70 0.51 0.40 0.35 0.96 1.76 1.96 1.71 0.76 1.00 1.78 2.88 1.83 1.37 0.87 2.98 2.15 2.58 1.81 1.36 1.37 2.98 1.12 1.65 1.27 0.77 0.95 0.91 0.40 
0.52 0.71 1.60 0.83 0.82 1.53 1.66 1.61 0.53 0.48 0.67 0.86 0.52 1.43 2.17 1.49 0.65 0.88 2.34 0.76 1.83 2.29 1.36 1.87 1.17 0.85 0.80 0.73 0.68 1.43 
0.95 1.80 0.57 0.47 1.25 0.71 0.59 1.34 0.81 1.78 0.84 1.62 0.52 1.04 2.09 2.78 0.93 1.23 2.73 1.24 1.52 1.38 1.99 2.93 1.90 1.87 0.95 1.81 0.65 0.60 
1.80 1.91 1.39 0.89 1.43 1.86 0.74 0.42 0.91 1.31 0.92 1.07 1.55 0.88 2.56 2.62 1.82 2.29 2.67 1.36 2.89 2.77 1.37 1.56 0.51 0.45 1.10 0.67 1.97 1.57 
0.77 1.50 1.45 0.65 0.35 1.02 0.90 1.53 1.04 1.54 1.85 0.55 1.61 2.67 1.57 1.38 1.58 1.64 2.88 2.88 1.11 0.58 1.27 0.65 1.61 0.46 1.98 1.33 0.45 1.77 
1.14 1.96 0.76 1.98 0.58 1.64 1.68 0.71 1.89 0.35 1.62 1.50 1.84 1.89 2.09 0.66 1.15 0.83 2.26 1.51 2.38 2.21 0.60 1.56 1.64 0.86 0.37 0.95 1.12 1.76 
1.21 1.82 1.96 1.77 1.70 0.59 0.82 1.33 0.66 0.88 1.75 1.11 1.49 2.47 1.04 2.91 2.21 1.53 2.67 1.37 0.79 2.26 0.74 2.65 1.41 0.44 1.99 0.99 0.51 0.59 
1.95 0.58 0.60 1.72 1.02 1.71 1.26 0.45 0.67 1.65 1.33 1.76 1.46 2.42 0.79 2.72 2.71 2.98 0.87 2.75 1.88 0.59 0.50 1.93 0.41 1.55 1.95 0.83 1.87 1.81 
1.64 0.84 0.76 1.78 1.95 1.27 0.87 1.66 1.45 0.91 0.91 1.30 2.29 1.02 0.61 1.41 1.91 2.00 2.75 1.32 2.05 2.41 0.83 2.80 0.69 1.56 1.64 0.40 0.39 1.94 
0.76 1.92 1.74 1.05 0.95 1.31 1.10 0.88 1.96 0.89 1.82 0.43 0.66 1.07 1.96 0.85 2.88 2.39 0.66 0.52 1.45 0.50 1.75 1.61 0.39 1.92 0.43 0.42 1.01 1.62 
0.84 1.76 1.25 0.61 1.54 1.21 1.96 1.65 1.03 1.85 1.43 1.80 2.62 2.63 1.12 2.65 1.10 1.71 1.17 0.57 2.63 2.73 2.28 1.86 1.04 1.82 0.88 1.53 0.85 1.26 
1.72 1.05 1.94 0.97 1.20 0.34 0.50 1.60 1.97 1.94 0.43 1.94 2.46 1.15 0.79 1.77 0.65 0.65 0.88 2.32 0.83 1.49 1.37 1.26 0.88 1.80 1.86 1.96 1.02 1.33 
1.77 0.78 1.71 1.41 0.33 0.91 0.91 0.84 0.59 1.47 1.77 1.94 0.58 1.50 1.29 1.36 2.72 0.52 1.60 1.88 0.54 1.87 0.65 0.77 1.59 1.32 0.68 0.87 0.39 0.34 
1.43 0.88 0.68 0.69 1.59 0.56 0.37 0.82 1.71 0.56 1.71 0.78 2.72 2.15 1.55 2.21 2.41 1.82 0.71 2.93 2.02 0.66 2.60 1.18 1.01 0.78 0.62 1.01 1.43 0.51 
0.62 0.42 0.82 1.99 0.34 0.59 0.89 1.86 0.33 1.99 0.60 1.59 1.42 2.69 1.98 0.52 2.54 0.62 2.75 2.18 2.21 0.54 1.65 2.79 1.89 1.01 1.00 0.92 0.83 0.61 
1.95 0.97 1.90 1.89 1.52 0.86 1.37 1.62 0.43 0.69 1.53 1.61 1.52 0.77 0.91 0.85 2.78 0.69 2.68 2.99 2.41 1.43 0.67 1.37 0.77 1.85 0.88 1.76 1.66 0.72 
0.35 0.58 0.59 0.62 0.85 0.67 1.76 1.75 1.64 1.79 1.72 1.59 2.47 0.62 2.05 2.69 0.87 1.36 1.36 1.53 0.99 2.63 0.79 1.57 1.25 0.88 1.57 1.77 0.52 1.29 
1.94 1.77 1.06 0.59 1.91 0.71 1.72 1.78 0.40 0.94 0.80 1.51 2.88 2.57 1.20 1.61 2.48 1.11 2.57 1.13 0.55 2.92 2.01 1.37 1.10 1.92 1.91 1.31 0.66 0.44 
0.91 0.95 1.79 0.49 0.99 1.34 0.38 0.59 0.99 0.53 1.77 1.07 0.92 0.67 0.78 0.82 0.93 2.26 2.94 1.37 0.51 0.89 0.54 1.29 0.92 1.56 0.63 0.88 1.61 1.32 
1.08 1.79 1.10 1.04 1.02 0.35 1.60 0.91 1.74 1.78 1.52 0.58 2.80 2.26 2.21 2.68 2.57 0.60 2.98 2.48 2.31 0.79 1.69 0.91 1.77 1.80 1.63 1.01 1.21 1.30 
1.25 1.99 1.89 0.61 1.59 0.82 0.40 0.91 0.52 0.91 0.62 1.86 1.02 1.95 2.88 0.68 1.15 1.24 0.70 0.71 2.69 2.12 2.46 1.59 0.44 0.88 0.71 1.79 0.69 1.14 
1.78 1.98 1.50 1.77 1.21 1.46 1.70 0.95 1.67 1.54 0.92 0.63 0.58 1.55 2.52 2.56 1.91 1.36 0.66 0.77 1.24 1.23 2.52 2.29 0.42 0.86 0.87 1.98 0.85 1.47 
1.37 0.88 1.62 0.80 1.21 1.28 0.35 0.35 1.06 1.54 0.50 1.53 1.02 1.06 1.07 2.10 2.46 2.67 1.44 1.57 2.18 0.74 1.70 0.66 1.36 1.98 0.67 0.59 1.65 0.62 
1.59 0.88 0.71 0.62 1.61 1.70 1.85 1.59 1.50 0.47 1.78 0.91 0.77 2.19 1.07 0.69 2.75 1.93 1.99 1.50 2.67 2.58 2.50 2.58 1.96 0.50 1.36 1.55 1.70 1.20 
1.63 0.99 1.86 0.82 0.40 0.42 1.78 0.59 1.48 1.51 1.78 0.74 1.34 0.66 1.36 1.89 2.57 1.50 2.68 0.93 2.92 2.02 2.95 2.36 1.40 0.88 1.00 0.55 0.34 1.45 
0.53 1.89 0.50 1.00 1.30 1.82 0.56 0.90 0.33 0.73 0.69 1.33 1.78 2.84 2.28 2.46 1.92 0.62 2.72 1.61 1.71 1.14 0.74 1.32 0.39 0.75 1.59 1.01 1.98 1.77 
1.37 1.45 1.95 1.62 1.88 0.95 0.87 0.91 0.75 0.69 1.79 1.66 1.67 2.13 1.20 2.48 1.71 1.10 1.36 1.01 0.55 0.54 2.74 0.54 0.50 0.85 1.08 1.98 1.53 1.80 
0.62 1.03 1.92 1.44 0.76 0.43 0.99 0.34 0.88 0.58 1.40 1.05 0.79 1.26 2.96 2.18 2.95 1.88 0.65 1.99 2.67 2.38 1.88 0.59 0.40 1.79 0.51 0.52 1.34 0.99 
1.62 1.72 0.80 1.78 1.80 0.77 1.56 1.14 1.01 1.46 0.82 0.91 1.95 1.06 1.67 0.77 1.71 0.98 2.68 1.20 1.90 2.71 2.78 0.54 1.59 1.03 0.91 0.63 0.75 0.89 
0.56 0.95 1.39 1.83 1.46 1.78 1.59 1.99 0.51 1.77 1.77 0.91 1.10 1.11 0.64 1.37 0.98 0.67 1.24 1.59 1.13 1.02 0.82 0.71 1.61 1.70 1.55 1.34 0.50 1.70 
0.91 1.36 1.83 1.71 0.46 0.38 0.82 1.32 1.07 0.91 1.78 0.88 2.50 1.83 2.09 2.39 2.04 0.85 2.98 2.90 2.34 2.25 0.70 1.97 0.72 1.59 0.44 1.62 0.94 1.81 
1.98 1.65 1.45 1.01 0.99 0.97 0.88 1.72 1.97 1.44 1.62 1.05 2.58 1.50 1.79 1.00 2.70 1.01 1.67 1.43 2.58 1.24 2.68 1.28 1.65 0.88 0.75 0.84 1.03 0.99 
0.89 0.58 1.56 0.96 0.76 1.84 1.64 1.33 0.91 1.94 1.02 1.55 0.66 1.42 1.28 2.29 2.18 1.26 2.18 0.85 1.12 1.97 1.33 2.73 1.60 1.54 0.99 0.46 0.82 1.14 
1.46 0.97 1.02 0.57 1.59 1.10 1.38 0.91 1.05 0.91 0.81 1.83 0.71 1.84 2.36 0.96 0.58 2.05 1.88 0.60 0.76 1.88 2.57 1.09 1.32 1.62 1.38 0.52 0.84 0.43 
1.04 0.66 1.01 0.91 1.33 0.38 0.74 0.80 1.81 1.77 1.22 0.71 0.66 0.74 2.68 1.52 0.85 0.63 1.32 0.52 1.43 2.02 1.45 0.65 1.89 0.46 1.07 0.77 0.44 1.56 
1.31 1.62 0.35 1.23 0.43 0.95 0.58 1.14 0.37 1.20 0.51 1.54 2.04 1.32 2.26 2.29 0.87 1.43 0.54 0.89 2.77 1.58 2.98 0.57 1.33 1.71 0.44 1.06 1.77 0.82 
0.68 0.51 1.71 0.58 1.02 1.08 0.60 1.46 0.86 0.43 1.22 0.76 2.45 2.96 2.84 1.12 1.61 0.82 0.54 1.61 2.93 0.79 1.41 1.37 0.40 0.76 0.69 0.88 1.63 1.94 
1.99 1.72 1.71 1.02 0.45 1.94 1.81 1.30 1.64 1.78 1.12 0.43 2.64 2.92 2.34 1.52 2.02 2.55 2.69 2.51 0.65 2.96 2.98 2.21 0.42 1.62 0.88 1.20 0.84 0.59 
0.82 1.81 1.71 1.98 1.20 1.50 0.55 0.34 1.83 0.58 0.69 0.48 0.87 1.90 1.01 1.20 0.89 2.48 1.26 0.70 2.72 2.69 0.54 1.57 0.63 0.90 1.82 0.58 1.68 0.88 
1.60 0.73 0.91 0.34 0.95 1.50 0.43 1.17 1.08 1.04 0.78 1.20 2.88 1.11 1.02 0.80 0.89 1.71 0.69 1.33 0.55 2.16 1.94 2.64 1.95 1.05 0.51 1.98 1.73 0.48 
0.71 1.54 1.03 0.94 1.64 0.61 1.03 1.96 0.41 1.00 1.26 1.33 2.91 0.57 0.58 0.88 2.29 2.95 1.84 2.65 1.69 0.85 1.42 2.65 1.70 1.95 1.33 0.55 0.45 0.44 
1.64 1.72 0.91 1.01 0.40 0.86 1.95 1.62 0.41 0.42 0.44 1.94 1.99 1.71 0.75 1.70 2.70 0.50 0.58 0.96 1.88 1.00 1.11 2.33 1.33 1.06 0.67 1.77 0.37 0.74 
1.88 1.47 0.71 1.50 1.48 0.38 1.79 0.87 1.97 0.84 1.21 0.71 2.19 2.93 0.82 1.99 2.60 1.71 1.73 1.88 2.65 0.77 0.79 2.31 0.71 0.86 1.05 0.89 0.71 0.52 
1.60 0.35 1.89 1.08 0.92 0.54 1.94 1.50 1.97 1.06 1.05 0.52 1.11 1.97 0.76 2.57 0.69 2.80 1.37 2.87 1.28 2.70 0.82 0.88 1.60 0.48 0.38 0.97 1.11 1.33 
1.21 1.78 1.32 1.99 1.25 1.54 0.43 0.75 0.78 1.85 1.01 1.72 2.09 0.82 2.42 1.04 1.23 1.02 0.64 1.02 2.12 1.78 0.69 1.24 0.94 1.26 1.59 0.42 0.59 1.01 
1.56 0.89 0.58 1.96 0.61 1.80 1.33 1.12 1.50 0.63 0.86 1.25 1.14 2.70 1.70 1.38 2.63 2.34 1.33 2.12 0.78 0.82 1.42 2.23 0.88 1.27 0.46 1.78 1.07 0.81 
1.42 0.45 1.65 0.50 1.80 1.06 0.59 1.27 1.59 1.04 0.43 1.37 1.12 1.43 2.58 0.65 1.37 0.89 2.79 1.53 2.69 2.56 2.87 1.23 1.72 0.91 1.86 0.69 1.64 0.43 
0.73 0.80 0.69 1.05 1.23 1.50 1.13 1.28 1.08 1.97 0.37 1.70 2.66 1.56 2.06 0.89 0.66 2.36 1.04 1.46 1.38 2.65 1.15 2.75 0.88 1.71 1.98 1.97 1.06 1.59 
1.20 0.75 0.78 0.66 1.67 1.71 0.68 0.34 1.08 1.40 0.46 1.45 0.82 2.18 2.72 0.96 0.58 1.14 0.64 2.58 0.60 2.36 1.28 2.90 1.61 1.72 0.75 0.62 0.94 0.62 
1.96 0.85 1.80 1.94 0.68 1.59 1.04 1.46 0.89 1.06 1.98 1.71 0.64 1.37 1.06 1.06 1.80 1.14 0.97 2.70 2.07 2.60 2.56 1.15 0.43 1.36 1.05 0.69 1.03 1.80 
1.99 1.50 1.47 0.59 1.03 0.51 0.53 0.66 0.46 1.61 0.89 1.33 2.79 2.55 2.99 1.58 1.10 1.04 1.43 1.77 2.90 2.05 1.92 0.66 1.07 1.05 1.87 1.72 1.37 1.12 
1.14 1.28 1.94 1.83 1.62 1.79 0.59 1.98 1.24 1.95 1.22 1.25 1.81 1.37 0.79 2.02 2.83 2.28 1.12 0.99 1.52 2.47 2.45 0.54 1.92 1.70 0.72 1.90 1.91 1.92 
1.76 0.95 1.22 1.17 1.31 0.91 0.47 1.53 1.91 1.45 0.40 1.64 1.42 2.39 0.79 2.78 1.89 1.44 2.21 2.05 1.27 1.15 0.92 1.79 1.60 1.59 0.94 1.72 0.43 1.31 
1.58 0.89 1.68 0.59 1.99 1.78 0.62 1.25 1.22 1.98 0.71 0.58 0.77 0.93 0.88 2.67 2.13 0.57 0.71 0.85 0.66 0.78 1.78 2.57 1.06 1.03 1.21 1.33 1.28 1.78 
1.14 0.42 1.25 0.82 1.59 0.37 1.28 0.44 1.59 0.62 1.96 0.46 2.56 1.95 2.80 2.41 1.93 1.24 2.80 2.74 2.47 1.70 1.11 2.65 0.86 0.91 1.59 0.41 1.39 1.78 
1.67 1.76 1.64 1.66 1.77 1.94 1.13 0.55 1.62 1.56 0.91 1.59 1.32 1.26 2.15 1.51 1.40 1.59 1.26 0.54 1.89 0.97 1.95 1.32 1.33 1.66 1.39 1.10 1.86 0.71 
1.33 1.76 1.48 0.62 1.66 1.10 1.96 0.89 1.34 0.83 1.59 1.87 2.33 1.17 1.23 1.91 2.66 2.51 1.32 0.77 1.55 0.88 2.56 2.68 0.74 0.46 1.41 0.69 1.05 0.62 
1.01 1.92 1.70 0.82 1.01 0.50 1.96 1.51 1.27 0.36 1.79 0.58 1.56 2.57 2.55 1.26 0.64 1.90 1.40 1.88 1.57 2.74 2.43 1.36 1.70 1.53 0.38 0.67 1.99 0.40 
1.62 0.97 1.27 1.22 1.60 0.88 1.01 0.43 1.01 1.65 1.28 1.37 1.82 2.06 2.44 0.65 2.21 1.32 2.73 2.87 2.57 1.65 1.76 2.02 1.71 1.62 0.68 1.04 0.89 1.59 
0.34 0.40 0.58 0.82 0.39 1.32 1.80 0.67 1.41 0.63 1.92 1.77 0.89 1.61 1.52 1.55 2.85 2.39 1.51 2.39 0.57 0.89 2.72 2.33 0.40 1.45 0.52 0.84 1.53 0.86 
1.28 0.71 0.64 0.44 1.50 1.77 0.71 0.34 1.88 1.48 0.52 0.89 0.58 2.72 1.97 0.88 2.80 1.15 2.68 1.30 1.17 0.74 2.39 2.68 0.77 0.94 1.94 1.04 0.52 1.07 
0.92 1.53 1.64 1.48 0.60 0.95 1.71 0.35 0.66 1.76 1.13 1.31 0.89 1.23 0.66 2.85 0.87 2.96 0.75 2.57 1.04 0.88 2.33 0.60 0.53 1.64 0.76 0.62 1.99 1.01 
1.22 1.52 1.62 1.14 0.84 1.41 0.52 0.58 0.50 0.58 0.73 1.44 2.65 2.18 0.71 1.28 0.66 2.84 0.80 0.52 1.30 0.58 2.33 1.57 0.39 1.10 1.95 1.20 1.11 0.55 
1.33 0.86 0.80 0.47 1.75 1.34 1.95 1.13 1.31 1.59 0.76 1.68 0.52 1.99 1.43 2.46 1.03 2.29 1.29 2.87 1.84 0.82 0.62 0.94 0.91 1.82 1.67 1.92 1.65 0.95 
1.83 1.39 0.44 1.57 1.83 1.21 1.24 1.05 1.81 1.85 1.79 1.68 0.55 2.50 2.26 2.58 0.62 2.18 0.58 1.76 2.65 1.24 2.57 1.10 1.32 1.92 0.95 0.47 1.53 1.50 
0.46 1.71 1.06 1.06 0.91 0.83 0.51 1.46 0.91 0.46 0.39 1.54 2.16 0.64 1.18 0.57 2.78 1.12 0.52 1.23 2.39 2.21 2.54 1.38 1.71 1.10 1.33 1.64 0.54 0.38 
1.57 1.10 0.82 0.74 0.50 1.94 1.05 1.24 0.65 1.61 0.55 0.80 2.70 1.65 1.33 2.15 1.88 2.79 2.38 1.36 2.77 0.76 1.33 1.42 1.59 1.01 1.40 0.42 0.52 1.53 
1.14 1.79 0.92 1.23 0.99 0.88 1.76 1.86 1.54 0.82 1.45 0.55 2.96 2.84 1.76 2.46 2.68 0.63 1.17 2.68 2.68 0.62 1.97 0.92 0.71 0.97 0.91 0.86 1.38 1.11 
1.43 1.12 1.80 1.31 0.74 1.89 0.47 0.58 0.62 1.67 1.18 0.36 0.71 2.65 1.97 1.01 0.66 2.67 1.02 2.15 2.79 1.65 1.40 1.50 0.74 1.95 0.61 1.96 1.47 0.83 
0.82 1.77 1.14 0.91 1.55 0.91 1.70 1.21 1.85 1.72 0.40 0.46 0.91 1.14 1.60 1.23 2.85 1.26 0.79 0.52 2.35 2.69 2.87 1.52 1.50 1.22 0.45 0.90 1.80 1.25 
1.33 0.69 0.88 0.54 1.96 0.40 1.06 0.82 0.45 1.62 1.05 1.18 1.50 0.89 2.33 2.58 2.01 0.64 1.34 1.80 2.65 1.84 1.93 0.93 0.34 1.68 0.51 0.46 1.00 1.61 
1.71 1.86 1.53 0.82 1.85 0.98 0.58 0.74 0.76 0.99 1.65 1.26 2.79 2.47 1.36 2.74 1.47 2.93 2.78 0.61 1.89 0.84 1.10 2.69 0.40 0.99 1.01 1.80 0.76 1.21 
1.82 1.51 0.38 1.90 1.86 0.80 1.56 1.96 0.60 1.26 1.17 0.75 1.10 0.93 1.97 1.44 1.24 0.64 2.12 0.62 2.38 2.47 1.99 2.65 1.45 1.60 1.65 1.85 0.91 0.92 
0.78 0.43 0.52 1.59 1.72 0.68 1.88 1.77 0.91 0.35 0.69 0.74 1.11 1.88 0.54 2.50 1.57 2.33 1.55 0.93 1.55 0.89 0.89 0.79 0.91 0.88 0.36 1.21 1.54 1.82 
1.22 1.50 1.85 0.83 1.39 0.77 0.82 1.20 0.65 1.82 1.00 1.92 2.93 0.69 0.65 2.07 1.35 2.56 0.78 2.00 1.77 1.75 0.98 1.97 1.29 0.66 1.84 0.99 0.86 1.70 
1.86 1.01 0.62 0.99 1.85 0.46 1.59 0.80 1.12 0.80 1.00 1.75 1.99 2.94 2.69 2.26 2.23 1.81 1.52 1.77 1.12 1.60 2.68 1.95 1.05 0.50 1.78 0.68 1.05 0.42 
0.40 1.99 0.87 1.70 1.31 0.45 0.60 1.79 1.21 1.29 0.36 0.75 2.18 1.53 2.83 2.73 1.03 1.33 0.64 1.06 2.25 0.93 2.39 2.39 1.72 1.03 0.45 1.06 0.99 0.75 
1.20 1.19 1.21 1.07 0.71 0.83 1.54 0.51 1.77 1.25 1.04 1.25 1.28 2.05 0.67 0.65 0.65 2.96 2.57 1.23 0.54 2.91 0.69 1.38 0.71 1.67 0.42 1.70 0.73 0.50 
1.36 1.03 1.05 0.34 1.02 0.62 1.73 0.59 1.31 0.74 0.40 1.23 1.95 2.36 2.39 2.01 1.52 1.33 2.21 0.58 2.39 1.92 0.71 1.28 1.61 1.80 1.72 1.05 0.38 1.72 
0.96 1.06 1.07 1.44 0.49 1.33 1.01 1.06 1.38 1.27 1.86 0.63 0.74 0.94 2.12 2.10 2.58 1.84 1.21 1.93 0.65 0.77 2.23 2.25 1.77 0.82 1.58 0.88 0.77 0.39 
0.68 1.88 1.12 1.37 1.36 1.41 0.73 1.17 0.91 1.26 1.29 0.66 1.61 0.93 2.57 1.32 1.23 2.86 1.80 2.58 2.39 1.02 2.54 1.02 1.10 1.78 1.10 0.55 0.34 0.75 
0.83 1.59 1.96 0.52 1.02 1.36 0.47 0.35 1.86 0.50 1.97 0.59 0.59 1.02 2.71 1.97 0.89 0.60 2.21 2.56 0.52 2.75 2.10 1.32 1.14 1.10 0.37 1.17 0.91 1.96 
1.95 0.84 1.00 1.53 0.75 0.82 0.74 0.97 1.78 1.92 1.98 0.86 2.39 0.80 0.68 1.88 2.80 2.41 1.26 2.57 0.60 2.43 2.31 2.44 1.00 1.41 1.43 1.05 1.81 0.42 
0.34 1.88 0.47 0.57 1.68 0.42 1.27 0.88 0.47 1.96 1.76 1.05 0.85 1.99 1.65 1.15 2.16 0.97 2.87 1.50 2.85 0.51 2.73 2.63 1.31 0.98 0.43 1.72 0.47 1.06 
1.53 0.46 0.90 0.38 1.53 0.43 1.55 1.50 1.22 1.06 1.38 0.78 0.97 1.88 2.79 2.12 1.83 1.31 1.84 1.17 1.60 2.39 0.64 2.64 0.69 1.96 1.14 1.45 0.89 0.84 
0.42 1.01 1.25 1.53 1.86 0.99 0.56 1.54 1.28 1.02 1.72 1.86 1.37 1.13 1.89 2.39 1.97 1.71 0.88 2.24 2.15 2.29 2.12 1.26 0.95 0.86 0.64 1.95 1.89 0.33 
1.81 1.96 0.91 1.36 1.78 1.25 0.68 0.89 1.29 0.84 1.83 1.68 0.57 1.99 2.10 0.68 2.34 2.29 2.93 2.78 1.59 2.90 0.93 1.03 1.33 0.86 1.00 1.25 0.96 1.06 
1.50 1.88 1.91 1.21 0.44 0.77 1.21 1.37 1.31 1.28 1.41 1.98 2.77 0.69 0.65 2.39 2.26 1.57 1.97 1.98 0.65 2.34 1.52 0.66 1.64 1.64 1.91 1.19 1.29 0.75 
1.50 0.91 1.97 1.19 0.47 1.94 0.80 1.04 1.31 0.68 0.55 0.85 2.75 1.11 0.92 2.68 0.77 2.55 2.07 2.38 2.71 2.80 2.41 1.93 1.83 1.61 1.86 1.17 0.76 1.14 
0.99 0.40 0.92 1.75 0.44 1.65 1.05 0.91 1.45 1.04 1.47 1.70 0.59 1.82 2.06 1.11 2.90 2.29 2.87 1.62 1.45 0.70 2.93 0.69 1.03 0.88 1.21 1.80 0.86 1.50 
1.64 1.21 0.83 1.00 1.32 1.96 1.57 0.72 0.41 1.12 0.94 1.95 0.64 2.48 0.68 0.84 1.62 0.61 2.50 2.43 1.17 2.58 0.62 1.43 1.03 1.95 1.23 1.45 1.82 1.34 
0.71 0.82 0.40 0.46 1.71 0.43 1.94 1.74 1.15 1.61 1.61 1.03 0.87 2.39 0.66 1.34 1.26 1.82 2.67 0.66 2.39 1.26 1.42 1.60 1.94 0.77 1.26 1.34 0.37 1.68 
1.78 0.86 1.33 1.86 0.91 0.43 0.91 1.77 0.50 1.98 1.00 1.51 2.95 1.04 2.32 1.15 2.47 1.28 1.28 1.61 1.99 0.79 2.00 1.27 1.00 1.31 0.52 1.04 1.59 1.36 
0.71 0.69 1.83 1.99 0.58 1.48 0.38 0.58 1.37 1.59 1.25 1.54 1.61 0.88 2.60 2.42 2.16 2.41 1.71 0.97 2.52 1.37 1.37 1.65 0.86 0.88 1.41 1.71 0.69 1.61 
1.01 1.77 1.50 1.74 1.65 1.59 1.71 1.65 1.68 0.51 0.86 0.69 2.68 0.64 2.84 1.55 1.43 1.81 1.59 2.31 2.10 2.78 2.31 1.52 0.46 1.53 0.97 1.99 1.04 1.68 
1.08 1.05 0.88 0.56 0.47 1.48 0.37 1.01 1.86 0.51 0.64 1.59 1.56 2.41 1.52 1.56 1.13 2.54 1.37 2.80 1.37 0.77 2.88 0.57 1.03 0.59 1.22 1.79 0.42 1.72 
0.53 0.34 0.91 0.59 1.39 0.97 0.58 0.38 1.66 1.59 1.63 0.75 1.26 1.49 2.79 1.43 0.80 0.88 1.78 1.59 1.34 2.98 2.67 0.93 0.52 1.30 0.74 1.29 0.58 1.57 
0.44 1.80 0.56 1.85 1.00 1.54 0.59 1.13 1.53 0.61 1.71 1.34 0.68 2.85 2.46 0.71 2.57 0.91 0.89 1.90 2.29 2.68 2.16 1.57 0.78 0.50 0.82 0.80 1.76 0.97 
0.82 1.71 1.14 0.88 0.60 1.61 1.70 1.32 1.94 0.50 1.01 0.42 2.52 1.71 1.96 0.89 0.70 0.87 2.81 1.28 1.37 1.37 2.31 0.87 0.82 1.31 1.65 1.98 0.61 0.74 
0.84 0.55 1.83 1.94 0.69 1.27 0.34 1.96 0.55 1.59 1.64 1.86 1.26 1.52 0.87 2.70 2.44 0.87 0.89 1.06 0.89 1.41 2.00 2.86 0.45 0.85 0.50 0.38 0.86 1.19 
0.84 0.89 1.61 1.05 1.18 1.86 1.70 0.82 0.62 1.64 1.11 0.82 2.94 1.81 1.97 1.99 0.52 2.73 2.56 2.70 2.98 2.65 2.56 0.59 0.89 0.94 1.30 0.52 0.58 1.31 
1.70 1.05 0.75 0.44 1.06 0.94 1.56 1.23 1.70 0.77 0.43 1.76 2.96 1.24 1.97 0.57 2.99 2.66 1.17 2.78 1.37 1.60 1.32 2.84 0.91 1.01 1.18 1.19 1.03 0.42 
1.72 1.83 0.75 1.14 1.41 1.91 1.44 0.52 0.51 0.53 0.82 1.01 2.60 2.48 0.57 2.29 1.90 2.01 1.24 2.55 0.77 1.29 1.35 1.36 0.44 1.50 0.59 1.64 1.78 1.25 
0.56 0.86 0.52 1.30 0.69 0.47 1.06 1.17 1.59 1.84 1.01 0.91 1.28 1.97 0.89 1.12 1.51 0.93 1.36 0.62 1.57 1.91 1.77 1.10 0.57 1.59 0.38 1.77 0.84 0.43 
0.37 1.71 1.95 0.86 0.52 1.94 0.51 1.37 1.72 1.41 0.90 1.86 2.26 2.04 0.59 1.80 0.58 1.43 1.00 0.52 1.28 0.52 2.29 2.41 1.80 1.42 1.30 0.95 1.50 1.01 
1.77 1.71 0.43 0.60 1.89 1.96 1.62 1.68 1.53 1.55 0.82 1.56 0.88 1.10 2.58 2.83 2.80 1.00 0.58 2.15 1.52 0.76 1.91 1.42 1.20 0.44 1.46 0.53 1.72 0.39 
1.68 1.95 0.37 1.47 1.15 1.14 0.83 0.72 0.34 0.43 0.91 0.61 2.73 2.00 2.12 2.00 1.03 0.94 2.07 1.55 0.93 1.56 0.50 0.52 1.85 1.54 1.80 0.89 0.91 1.45 
1.86 0.34 1.17 0.91 0.74 0.74 0.40 1.64 1.21 1.33 0.38 0.62 0.89 1.04 1.95 0.59 1.88 2.83 1.49 0.85 0.50 2.41 2.57 1.70 0.73 0.92 0.59 0.87 1.64 0.88 
1.33 1.41 1.33 1.80 1.33 1.32 1.71 0.63 0.57 0.89 1.65 1.74 1.51 1.96 2.47 0.85 2.96 2.18 1.75 1.71 0.50 2.00 1.82 0.91 1.31 0.42 1.72 1.06 1.80 1.37 
1.03 1.58 1.70 0.91 1.89 1.88 0.61 1.71 1.56 0.86 0.75 1.98 2.18 1.79 2.30 2.77 1.11 2.58 0.90 1.33 2.87 1.81 0.96 0.65 0.45 1.89 0.47 1.43 0.73 1.56 
0.53 1.20 0.56 1.92 1.98 0.39 1.76 0.68 1.02 0.55 0.74 1.86 0.85 0.57 2.93 1.97 1.08 0.64 2.57 1.73 0.59 1.55 0.77 0.93 0.89 1.03 0.60 0.43 1.48 1.06 
1.88 1.61 1.94 1.50 0.44 0.91 1.72 1.47 0.94 0.35 0.88 1.06 1.28 2.10 0.84 1.62 1.77 0.62 1.84 2.41 2.86 1.36 0.58 1.90 1.66 0.88 0.84 0.42 1.76 0.75 
0.68 1.17 1.96 1.31 0.69 1.03 1.31 0.47 1.31 1.95 0.51 0.51 0.62 0.61 2.21 2.44 2.44 2.99 2.97 1.32 1.02 2.64 0.71 1.67 1.68 1.80 1.59 0.61 1.62 1.28 
1.45 0.86 1.78 1.88 1.05 0.81 0.74 1.78 1.80 1.61 0.43 1.56 1.88 1.04 1.27 2.51 0.57 1.52 1.51 2.41 1.33 2.83 1.95 1.97 1.03 1.03 1.05 0.82 0.67 1.04 
1.05 0.51 0.78 0.43 1.50 1.53 1.78 1.70 1.86 1.99 1.97 0.75 1.01 2.95 1.58 2.57 2.29 0.65 2.49 2.02 0.61 2.00 0.87 1.33 1.59 1.86 1.53 0.38 1.60 1.17 
0.59 1.31 1.31 1.54 0.53 1.17 0.44 0.58 1.50 1.89 1.71 1.73 1.50 1.42 0.92 2.18 1.33 0.55 2.05 2.70 1.03 1.38 0.90 0.52 1.55 1.56 0.53 1.83 0.47 0.34 
0.52 1.72 0.52 0.51 0.39 0.69 1.59 0.59 1.34 1.31 1.34 1.26 0.65 0.88 2.38 2.39 0.85 0.82 2.55 2.96 0.71 1.81 0.87 1.20 1.64 0.88 1.84 1.19 0.91 0.95 
1.70 0.47 1.66 1.96 1.55 1.68 0.65 0.89 1.33 1.01 1.61 1.98 1.90 0.65 0.77 1.28 0.83 1.90 1.23 0.76 1.86 0.89 1.06 2.52 0.46 1.43 1.48 1.99 0.43 1.65 
1.91 0.62 1.56 0.34 1.28 1.28 1.06 1.71 1.95 0.97 1.14 1.76 1.50 2.88 2.75 0.57 1.88 0.63 2.66 0.85 1.29 0.78 2.51 1.04 0.66 1.99 0.43 0.86 0.92 1.91 
0.69 1.25 0.83 1.99 0.40 1.85 1.42 1.12 1.78 1.32 0.67 1.43 0.65 1.24 1.36 2.58 2.57 1.26 1.89 0.87 1.55 2.31 2.67 0.54 1.58 0.51 0.43 0.82 0.99 0.46 
1.61 0.44 1.08 1.61 0.35 0.44 1.83 1.29 1.71 0.95 1.79 1.56 0.93 0.94 2.29 1.29 2.63 0.58 2.62 1.76 2.69 2.12 1.44 2.39 1.04 1.20 0.44 1.40 1.33 0.91 
1.68 1.45 0.59 0.43 1.70 1.72 1.07 0.48 1.67 0.50 1.04 1.72 1.55 1.43 1.15 0.64 2.58 0.89 2.47 1.13 0.58 2.44 1.11 1.26 1.68 0.38 1.07 1.72 1.37 1.53 
0.99 0.69 1.01 0.62 1.07 1.99 1.14 0.71 1.59 1.90 0.91 0.71 0.85 0.87 2.60 2.29 0.71 1.87 0.87 0.59 2.13 1.02 2.18 0.91 1.01 0.94 0.85 1.59 0.46 0.68 
0.55 0.37 1.29 1.56 0.52 0.94 0.95 0.86 1.03 1.80 0.82 1.63 1.91 2.93 0.85 1.88 0.89 1.99 1.86 0.94 1.12 2.35 0.51 0.82 1.65 1.85 1.07 1.06 1.64 0.89 
1.88 1.27 0.69 0.58 1.83 0.59 1.36 1.19 1.33 1.38 1.28 1.91 0.64 0.54 2.41 1.81 1.81 0.62 1.31 2.60 1.13 2.65 0.98 1.37 1.04 1.01 1.24 0.67 1.45 1.39 
0.47 1.79 0.80 1.83 1.32 1.71 1.07 1.64 1.25 1.23 1.37 1.63 1.99 1.24 2.92 0.71 2.71 1.44 1.60 2.73 0.64 0.70 2.12 2.29 0.83 1.56 0.36 1.23 0.71 1.40 
1.00 0.85 0.35 0.62 1.47 1.01 0.40 0.37 1.71 0.84 0.82 0.60 1.60 2.31 0.58 1.04 0.71 2.57 1.61 1.37 2.65 1.26 2.93 2.92 0.78 1.06 0.64 0.69 1.56 0.39 
0.75 1.21 1.10 1.73 1.79 0.82 1.63 0.38 0.38 1.14 1.45 1.23 2.29 1.37 2.78 1.02 1.67 1.98 1.58 2.63 2.01 0.69 1.88 0.82 1.38 0.82 0.76 0.56 0.75 0.95 
1.85 0.88 1.25 0.42 0.75 1.59 0.67 0.38 0.55 0.37 1.54 1.77 1.62 0.57 2.47 1.29 1.60 2.17 0.76 1.71 2.69 2.44 0.69 0.58 0.52 0.35 1.68 1.83 1.78 0.59 
1.72 0.99 1.99 1.73 1.65 1.45 1.01 0.52 0.36 0.52 1.90 1.77 2.21 0.55 2.55 2.13 2.70 2.80 2.80 2.09 2.97 2.52 1.50 0.62 1.23 1.28 0.43 0.59 1.41 0.43 
0.84 1.73 1.03 1.33 1.94 1.72 1.96 0.85 0.40 0.52 0.43 0.91 2.46 1.36 1.49 1.02 0.65 0.54 2.48 1.44 1.28 0.65 1.50 1.32 0.53 1.73 1.32 1.40 1.71 1.33 
1.60 1.62 0.88 0.41 1.98 0.52 0.67 1.64 0.95 1.63 0.68 1.26 2.65 2.13 2.69 2.46 2.47 1.61 1.46 2.47 1.04 1.55 2.70 0.84 1.76 1.63 1.32 1.01 1.76 1.06 
0.57 1.03 1.40 1.77 1.21 1.50 1.96 1.65 1.98 1.71 0.59 0.61 1.26 2.35 1.32 0.58 1.94 2.57 2.68 1.29 2.57 1.43 2.58 0.82 1.03 1.81 1.47 0.69 1.24 0.58 
1.13 1.21 0.52 1.50 1.96 1.64 0.52 0.68 1.19 0.51 0.75 1.29 1.04 0.62 2.58 1.61 2.69 1.41 2.38 1.76 0.93 2.58 1.77 2.10 0.82 0.84 1.34 1.98 0.99 0.95 
1.37 0.57 0.66 1.53 1.42 1.32 0.51 0.59 1.62 1.22 0.88 1.60 2.15 2.32 2.21 1.58 2.47 0.90 1.95 2.45 2.72 0.77 1.26 2.35 1.37 0.51 1.20 1.62 1.86 0.91 
0.58 1.33 0.84 1.68 1.89 1.71 1.98 0.73 1.29 0.34 1.01 1.06 0.71 0.65 1.55 1.93 0.93 2.89 1.93 0.67 1.17 1.51 0.93 1.36 1.64 0.66 1.57 0.42 0.50 0.40 
1.81 0.50 0.78 0.89 1.70 1.94 1.45 1.96 1.29 1.59 0.59 1.37 1.71 2.80 2.35 2.67 0.99 2.99 2.89 0.67 1.52 2.66 2.73 0.51 0.75 1.94 1.06 1.19 0.83 1.08 
1.08 1.80 1.72 1.55 1.31 0.50 1.56 1.29 0.34 1.03 0.74 1.05 2.26 1.87 1.97 2.57 1.98 1.26 0.87 2.66 2.41 1.32 2.93 2.79 1.77 0.69 0.97 0.57 1.50 1.58 
0.80 1.92 0.95 1.55 1.06 0.65 1.72 0.97 1.39 0.91 1.71 0.44 2.18 2.31 1.82 1.32 2.75 1.28 1.52 1.71 0.69 2.26 1.18 1.55 1.50 0.35 0.88 0.50 0.52 1.78 
1.73 1.18 1.29 1.96 1.41 0.91 1.02 0.89 1.03 0.99 0.92 1.27 1.69 1.50 1.18 0.75 1.48 1.88 1.86 2.98 2.45 0.91 0.85 2.26 1.56 0.71 1.06 1.80 1.22 1.25 
0.40 1.45 0.56 0.83 1.62 1.82 1.19 1.23 1.29 0.62 1.98 1.28 1.61 0.54 0.79 1.51 0.68 0.54 2.10 1.33 2.95 2.92 0.94 2.05 1.01 1.81 0.35 1.11 0.99 0.56 
0.77 1.92 1.91 0.84 0.86 0.62 1.70 0.44 1.01 1.70 0.58 0.97 2.12 1.58 2.72 1.65 2.12 0.87 1.92 2.04 2.17 2.52 2.44 0.69 1.27 1.67 1.18 1.14 0.34 1.41 
1.27 0.53 0.92 0.78 0.68 1.89 1.53 1.29 0.65 1.89 1.56 0.51 0.90 2.87 2.41 1.61 0.93 1.99 1.50 0.93 2.90 1.67 1.64 1.02 0.96 0.58 0.59 0.35 0.52 0.73 
1.53 0.74 0.44 0.40 1.91 1.62 0.57 1.05 0.49 1.00 0.91 1.80 0.99 1.44 1.04 0.79 1.11 1.11 0.93 2.93 0.83 2.21 0.78 1.91 1.78 1.84 1.59 0.73 1.26 1.34 
0.42 1.70 1.01 0.80 0.56 1.98 0.56 0.71 0.53 1.57 0.82 1.71 0.91 2.73 1.61 0.70 2.57 0.93 1.23 1.04 1.26 1.04 0.62 0.54 1.18 0.89 1.02 0.59 0.82 1.02 
1.80 0.37 1.23 1.67 1.71 0.74 0.51 1.72 0.44 1.06 0.50 1.81 1.52 0.65 1.61 1.07 2.12 2.65 0.88 1.33 2.44 1.24 1.79 1.58 1.41 1.30 0.92 0.88 1.01 1.82 
1.51 1.86 0.69 1.94 1.78 1.68 1.78 1.14 0.82 1.26 0.73 1.63 2.09 1.81 1.59 0.57 2.99 2.69 1.56 2.68 2.33 1.37 2.94 1.37 1.99 1.29 0.52 0.83 0.46 1.19 
1.71 0.59 0.42 1.61 0.82 1.71 1.71 0.43 1.77 0.68 0.56 1.19 2.72 2.41 1.71 2.56 0.93 2.79 0.74 2.96 0.74 1.53 0.82 0.54 0.55 0.91 1.65 1.68 1.60 1.21 
0.92 0.72 1.25 1.21 0.72 1.40 1.50 0.55 1.57 0.42 0.59 0.76 1.60 0.52 2.80 2.93 2.04 1.29 0.74 1.24 2.57 0.97 2.68 0.61 1.76 1.14 0.51 1.48 1.72 1.76 
0.57 0.92 0.98 0.55 0.96 0.68 1.56 1.33 1.84 0.42 1.73 0.82 1.45 1.83 2.98 1.55 2.16 0.65 0.65 2.34 2.34 2.39 2.96 1.06 1.77 1.26 1.80 0.47 1.68 1.20 
1.58 1.45 0.33 1.75 0.82 0.84 1.50 0.42 0.41 0.60 1.58 0.55 1.33 0.64 1.81 1.61 1.11 1.87 0.78 2.93 0.80 1.44 1.06 1.24 1.37 1.17 1.08 0.73 0.34 0.89 
1.05 0.51 1.44 1.30 1.60 1.33 0.63 0.86 0.62 1.05 1.85 1.78 0.58 2.23 0.59 0.88 1.40 2.56 0.91 1.81 2.92 2.12 0.99 1.97 1.47 1.72 0.91 0.42 0.59 1.22 
0.40 1.17 0.96 0.97 1.62 1.59 1.27 0.75 0.73 1.18 0.54 1.55 2.47 0.84 0.77 1.11 2.85 0.71 2.25 1.46 2.19 2.46 0.58 2.78 1.06 1.08 1.00 0.83 0.77 1.83 
1.10 1.06 1.17 0.39 1.20 0.76 1.14 0.44 1.77 0.52 0.82 1.22 2.30 2.47 1.49 1.24 1.82 0.82 1.79 1.10 2.44 2.18 1.38 1.99 1.71 0.56 1.55 0.88 1.06 1.98 
0.88 0.58 1.66 0.71 0.46 1.11 1.78 1.68 1.10 1.96 0.89 1.97 1.50 0.88 2.26 2.66 1.55 2.12 1.26 2.43 1.04 2.21 0.82 1.28 1.21 1.43 0.50 1.78 1.59 1.44 
1.50 1.59 1.75 1.68 0.48 0.95 0.91 1.48 1.78 0.51 1.62 1.97 0.66 0.68 0.75 1.47 1.81 1.52 2.94 2.70 0.58 0.54 1.40 2.58 0.91 0.43 1.92 0.67 1.21 0.44 
1.37 0.82 1.70 0.99 0.63 1.41 0.88 0.53 0.61 1.95 1.54 1.48 1.07 1.09 2.90 2.39 2.52 2.92 0.59 2.73 2.73 1.04 1.83 1.70 1.19 1.40 0.84 0.64 1.21 1.29 
0.66 1.62 1.31 1.75 1.27 0.38 1.95 1.62 1.72 0.40 1.70 1.25 1.28 1.99 2.49 1.57 0.64 2.60 1.99 0.65 0.64 1.44 0.52 2.72 0.58 0.43 0.85 1.71 1.63 1.22 
1.37 0.92 1.81 1.22 1.94 1.40 0.61 0.84 0.75 1.70 0.54 1.07 2.66 1.89 0.66 1.13 2.48 0.75 1.67 1.06 0.71 2.93 1.69 1.04 0.52 1.29 1.01 1.20 1.14 0.59 
1.86 1.53 1.70 1.68 1.71 1.47 1.71 0.68 0.45 1.70 0.80 1.62 2.85 2.42 1.71 2.18 0.78 2.13 2.06 2.57 1.67 1.31 2.33 1.44 1.33 0.61 0.82 1.98 0.67 0.86 
1.70 1.54 0.58 0.91 1.68 0.83 1.92 0.91 1.91 0.81 0.46 0.86 0.87 2.58 2.58 0.59 1.47 1.61 2.84 2.70 2.81 1.91 0.75 2.00 1.64 1.32 0.62 1.24 1.95 0.95 
0.50 1.17 1.81 1.60 1.71 1.80 1.99 1.32 1.55 1.05 0.61 1.86 2.04 2.94 2.59 1.71 0.79 0.70 2.66 1.89 0.93 2.34 0.65 2.69 0.42 1.30 1.89 1.46 0.46 1.57 
0.51 1.21 0.82 1.12 0.92 1.64 1.68 0.84 0.33 1.23 0.38 1.89 0.69 1.81 0.94 1.14 2.00 2.50 1.55 1.37 0.74 2.24 1.42 2.15 1.19 0.58 0.97 0.34 1.59 1.76 
1.01 0.88 1.90 0.88 0.63 1.98 1.59 0.91 0.77 1.65 0.58 1.03 1.97 2.80 2.70 1.73 2.01 0.79 2.70 0.67 2.97 0.58 1.49 2.35 0.42 0.95 1.07 1.55 0.44 1.21 
0.69 1.64 0.46 1.06 0.55 1.01 0.42 0.91 1.47 1.18 1.30 0.59 2.21 2.92 0.75 1.71 1.67 2.34 2.54 2.93 0.98 1.95 2.21 1.68 1.02 1.62 0.38 0.62 0.99 0.78 
0.83 0.91 1.80 0.33 1.11 0.38 1.14 0.53 0.69 0.54 1.85 1.31 0.70 2.38 1.36 1.27 1.01 2.63 1.23 2.21 2.78 1.14 1.03 2.34 1.85 1.36 1.00 0.35 0.76 0.71 
0.52 0.46 1.71 1.20 1.63 1.40 1.81 1.06 0.53 1.88 0.69 1.90 1.55 1.89 2.44 2.05 1.01 0.71 0.74 2.93 2.51 2.47 1.79 1.65 0.98 1.47 1.86 0.77 0.73 1.03 
1.31 0.42 1.02 0.59 1.85 1.70 1.20 1.05 1.31 1.80 0.99 0.56 1.81 2.96 1.76 1.37 2.93 0.61 1.88 1.14 2.98 2.04 1.82 2.70 1.92 1.05 1.59 1.53 1.21 0.40 
0.58 0.62 0.35 1.96 0.38 1.79 1.33 0.44 1.70 1.48 1.70 1.70 0.89 2.06 1.99 1.14 1.26 2.59 2.35 1.10 1.02 1.18 2.63 0.65 1.31 1.71 1.34 0.58 0.62 1.10 
1.61 0.50 0.39 1.89 1.91 1.86 1.85 1.72 0.43 0.51 0.92 1.91 1.37 2.41 1.99 2.75 2.42 0.52 0.55 0.89 2.57 2.45 2.06 1.28 0.62 0.34 1.47 1.81 0.94 1.47 
1.00 0.58 1.63 0.42 0.96 0.84 1.60 0.50 1.47 0.47 1.00 1.54 0.60 2.84 2.79 2.54 0.93 2.43 2.74 1.67 1.76 0.89 0.65 2.95 1.67 1.99 1.32 1.05 0.66 1.95 
0.94 0.68 0.76 0.86 0.82 0.34 0.50 1.32 1.02 1.05 0.60 1.79 2.98 1.88 0.87 0.63 2.87 2.89 1.10 0.64 1.53 0.65 2.85 0.64 0.88 0.65 1.62 0.58 0.45 1.98 
0.62 1.78 1.98 1.82 0.43 1.38 0.95 1.17 1.86 1.76 1.79 0.37 2.21 2.39 0.55 2.51 1.45 2.06 1.62 2.94 0.76 1.56 0.63 2.60 1.05 1.03 0.58 1.25 1.29 0.69 
1.91 1.61 0.84 1.21 1.20 1.61 0.67 1.72 1.43 1.13 1.97 1.37 1.55 2.65 1.36 0.54 1.52 1.43 1.73 1.34 2.21 1.08 0.68 0.94 1.78 1.43 0.51 1.26 1.98 1.06 
0.34 1.82 0.63 1.13 0.52 1.33 0.40 0.48 0.40 1.86 0.71 1.11 0.93 2.98 0.64 0.65 2.44 1.55 2.41 0.87 2.94 2.21 2.39 2.55 1.68 1.71 1.28 1.98 0.62 1.79 
0.78 1.02 1.45 0.62 1.31 1.45 1.05 0.74 0.42 0.69 0.38 0.40 1.27 0.75 0.55 1.53 1.81 1.26 1.99 0.51 1.15 0.57 2.47 2.39 0.74 1.91 0.88 0.77 0.68 1.31 
1.40 0.73 1.36 0.38 1.25 0.91 1.05 0.94 1.50 0.50 1.81 1.04 0.55 2.45 2.98 1.81 0.78 0.84 0.79 2.94 2.01 2.15 0.65 0.88 0.89 1.98 1.96 0.43 1.22 1.78 
1.32 1.55 0.82 0.52 1.76 0.34 1.78 1.45 1.01 0.57 1.87 0.62 1.36 1.91 2.06 2.29 2.28 2.95 2.56 0.52 2.74 1.33 1.23 1.42 1.45 1.12 0.73 1.64 1.01 1.20 
0.88 1.02 1.40 1.01 1.45 0.52 1.23 1.90 0.78 1.83 0.71 0.97 0.64 1.51 2.10 2.25 2.72 1.56 1.93 1.53 2.91 2.41 1.77 1.73 1.63 1.56 1.89 1.21 1.00 1.21 
1.05 1.46 0.92 0.63 1.79 0.91 0.38 1.99 1.70 0.95 0.66 1.19 2.55 2.59 0.99 0.57 0.69 2.57 0.71 2.46 2.65 0.74 0.87 2.97 1.70 1.98 1.72 0.69 0.90 0.64 
1.62 1.77 0.49 1.56 1.71 1.71 0.42 1.33 1.03 1.41 1.82 0.35 1.97 1.15 2.80 2.62 2.74 1.90 1.77 1.14 2.21 2.39 2.50 2.29 1.29 0.95 0.38 0.91 0.92 1.62 
0.59 0.62 0.44 1.14 1.59 0.39 1.07 0.92 0.58 0.57 0.68 1.68 0.55 2.21 1.37 1.93 2.91 2.58 1.24 0.77 2.86 1.90 2.60 2.66 1.17 1.75 0.84 0.69 0.84 1.71 
1.71 1.85 0.89 1.58 1.03 1.62 1.56 0.63 0.47 1.73 0.91 1.88 2.44 2.66 2.23 2.25 2.56 0.77 2.29 2.55 2.52 0.89 0.54 0.97 0.60 1.57 0.58 1.05 1.34 1.14 
1.23 1.19 1.18 0.96 0.53 0.62 0.50 0.74 1.76 1.99 1.00 0.67 2.18 1.59 0.55 2.49 2.48 2.54 0.75 1.71 1.32 1.84 0.85 1.62 1.25 1.75 1.59 0.46 1.78 1.14 
1.68 1.65 1.06 1.47 1.59 1.72 1.79 1.66 1.86 1.30 1.36 1.91 1.21 2.31 2.26 2.86 1.25 1.32 0.67 1.20 2.34 0.79 0.79 2.70 1.50 1.67 1.45 1.52 0.95 1.53 
1.22 1.81 1.40 1.91 1.86 1.67 1.04 1.50 1.48 0.92 0.77 0.45 1.52 1.93 1.99 0.93 0.88 1.26 0.79 1.17 2.25 0.94 2.98 0.77 0.74 1.57 0.91 1.02 0.34 1.37 
1.92 1.72 0.54 0.73 0.74 0.46 0.43 0.82 1.03 1.07 0.46 1.91 2.31 1.21 1.00 1.07 1.71 2.05 0.76 2.87 0.93 2.65 0.57 1.88 0.34 1.71 0.51 0.69 1.24 0.62 
0.97 0.50 1.27 0.80 1.30 1.77 1.51 1.53 0.62 1.65 1.77 1.33 1.10 0.89 2.39 2.43 2.39 2.10 1.32 1.12 2.57 0.71 1.12 2.96 0.80 1.84 0.59 1.01 0.88 1.03 
1.32 1.56 1.21 1.50 1.64 0.97 1.90 0.73 0.45 1.25 0.62 1.43 1.33 0.64 1.45 1.59 2.68 2.41 0.85 2.41 1.55 1.99 2.65 2.86 0.46 0.75 1.99 0.55 1.88 0.96 
0.51 1.18 1.98 1.23 1.56 1.81 1.44 1.01 0.69 0.44 1.27 0.34 1.86 2.25 1.15 0.97 2.65 2.19 1.07 2.56 0.76 1.12 1.20 1.45 1.62 1.45 0.84 1.81 1.70 1.29 
1.71 0.56 1.05 1.83 1.03 0.40 0.99 0.91 0.34 1.17 0.71 1.45 2.39 2.44 1.55 0.98 2.29 1.50 2.79 1.95 2.07 0.85 1.91 1.24 1.60 0.73 0.41 1.80 0.77 0.95 
1.00 0.59 1.97 1.36 1.22 1.40 1.70 1.31 1.76 1.91 0.44 1.54 1.42 1.28 0.55 2.41 1.26 1.26 1.56 1.29 1.24 2.48 2.25 2.39 1.14 1.78 1.96 0.91 0.38 1.89 
0.68 0.44 0.42 0.75 0.36 0.51 0.61 0.92 0.55 0.59 1.33 0.84 2.93 1.83 1.26 1.52 2.15 2.63 0.52 1.09 1.48 2.57 1.76 2.67 1.65 1.71 1.33 0.69 1.78 0.44 
1.26 1.79 0.76 1.82 0.39 1.72 1.47 1.78 0.59 1.15 1.53 0.83 1.71 2.88 2.42 0.91 1.79 1.67 1.04 2.55 1.32 1.88 2.69 2.44 1.80 0.95 1.86 1.97 1.10 1.65 
0.39 1.37 1.14 0.52 1.11 1.91 1.00 1.96 1.56 0.63 1.21 0.69 2.04 2.19 1.26 2.28 0.62 2.06 2.66 2.64 2.80 1.30 1.55 1.89 0.55 0.36 1.85 1.00 1.99 0.44 
0.50 0.82 1.43 0.36 1.50 0.96 0.57 0.40 0.60 1.31 1.65 1.18 2.29 1.32 1.52 1.58 2.65 2.65 2.58 1.97 1.12 2.04 2.72 1.99 1.25 0.62 0.94 0.38 1.91 1.22 
1.14 0.89 1.21 0.89 1.30 0.38 0.58 1.05 0.71 0.99 1.81 0.47 1.26 0.76 1.28 2.26 0.91 1.28 2.55 2.56 2.29 2.97 0.93 0.89 0.95 0.96 0.81 0.43 1.45 0.56 
1.33 1.78 0.43 0.86 1.45 0.52 0.69 0.86 1.90 1.65 0.44 1.96 1.42 2.59 1.83 1.37 2.43 1.82 2.78 2.77 1.44 2.39 2.68 2.18 0.99 0.42 0.91 1.06 0.95 1.40 
1.82 0.44 1.31 1.63 1.54 0.42 0.91 0.67 1.64 0.40 0.59 0.62 1.13 1.45 1.98 1.15 0.79 2.98 2.62 0.64 0.60 0.77 0.85 0.79 1.14 0.77 1.43 1.77 1.21 0.97 
1.65 1.71 1.60 0.91 1.83 1.62 1.32 0.82 0.39 1.47 1.33 0.38 2.51 0.92 1.24 2.50 2.95 2.57 2.69 0.55 1.83 1.81 0.88 1.57 0.80 0.76 0.86 1.98 1.14 1.78 
1.72 1.96 1.77 1.97 0.59 1.03 1.05 1.96 1.00 0.45 1.55 1.19 2.52 1.82 1.79 2.77 1.37 0.52 1.36 2.58 1.26 1.18 1.20 2.25 0.43 1.80 1.00 0.42 1.59 1.41 
0.56 1.03 1.46 0.77 0.38 1.04 0.62 0.88 0.46 0.49 1.99 0.86 1.10 1.44 1.99 1.11 0.93 2.21 2.58 0.69 0.89 1.20 2.04 1.50 0.83 1.37 0.83 0.92 0.53 0.53 
1.21 0.62 0.94 0.36 1.25 1.08 1.06 0.88 1.07 0.84 0.33 0.88 1.89 0.64 1.71 1.24 1.88 2.94 1.56 1.46 2.05 0.88 1.02 0.64 1.61 1.06 0.36 1.64 1.50 1.70 
1.22 0.59 1.26 1.33 0.59 0.56 1.80 1.88 1.47 0.86 1.36 0.44 2.47 1.88 2.84 2.69 2.55 0.57 0.54 2.46 0.52 2.59 1.57 2.58 1.19 0.50 0.91 1.78 1.01 0.56 
1.06 1.29 0.62 0.74 1.62 1.71 1.18 1.78 0.34 0.42 1.45 1.78 0.69 2.93 2.04 2.96 0.93 1.36 2.39 0.70 2.57 2.85 1.75 2.10 0.85 1.78 0.44 1.36 1.12 1.13 
0.83 0.66 1.72 0.34 1.76 1.02 1.85 0.46 1.54 0.81 1.43 0.88 1.98 0.76 1.71 2.84 0.89 1.81 2.59 1.77 2.63 0.92 1.15 0.60 1.48 1.23 0.36 1.54 0.71 1.79 
1.77 1.85 1.92 1.32 1.45 0.62 0.34 0.62 1.30 1.43 1.99 1.19 1.13 0.79 2.04 2.89 2.68 2.26 2.05 0.52 0.89 1.34 1.57 0.64 0.56 1.85 1.64 0.76 0.68 0.44 
1.54 1.74 1.01 0.38 1.05 1.60 1.17 1.70 1.65 1.01 0.88 1.71 1.70 2.50 2.34 2.48 2.98 1.37 1.18 1.60 2.59 0.89 2.94 0.98 0.82 1.05 1.36 1.11 1.31 1.24 
0.85 0.42 1.98 1.98 1.88 0.69 1.61 0.82 1.78 1.92 0.88 0.96 2.51 1.08 1.31 1.32 2.65 2.79 0.59 1.71 2.39 1.12 1.71 2.10 1.03 1.56 1.83 0.87 0.38 0.69 
0.58 0.91 0.89 0.67 0.68 1.18 0.91 0.47 0.75 0.51 0.94 1.59 0.89 1.03 0.68 2.10 2.33 1.28 0.93 1.42 0.69 1.08 2.57 0.58 1.36 0.43 0.92 1.72 0.51 1.72 
1.50 0.44 1.96 1.22 1.24 1.17 1.53 0.42 1.13 0.68 0.44 1.72 2.52 1.23 2.31 1.37 1.32 2.79 0.93 1.28 2.56 2.51 2.72 1.28 0.42 1.94 0.95 1.78 0.38 0.46 
0.61 1.77 0.88 1.96 1.65 0.89 0.53 1.73 0.62 1.76 1.57 1.48 1.51 2.46 2.18 2.46 1.06 1.46 1.79 0.89 1.24 1.10 1.37 1.84 1.37 0.87 0.38 1.96 1.01 0.88 
1.89 0.76 1.14 0.73 1.81 1.03 0.36 1.04 1.86 1.27 0.46 0.68 0.97 2.05 2.77 1.81 0.83 1.55 1.23 1.14 2.77 1.37 0.94 2.28 1.90 1.77 1.72 0.75 1.06 1.29 
0.99 0.62 1.13 1.01 1.30 1.70 1.04 1.04 0.91 0.39 1.81 0.42 0.50 1.81 1.99 0.92 2.58 1.88 0.61 1.06 1.62 2.95 1.81 1.55 1.95 1.56 1.00 1.79 1.62 0.64 
1.19 1.61 0.63 1.45 1.08 1.99 0.39 1.95 1.21 1.59 1.70 0.56 0.60 0.75 0.79 1.97 2.66 2.17 2.47 2.46 2.93 2.41 2.43 0.77 1.85 1.92 1.25 0.88 1.33 0.76 
1.25 1.83 1.90 0.57 1.14 1.70 1.97 1.60 0.59 1.62 1.56 0.67 2.78 1.83 1.10 0.60 1.14 2.36 2.57 2.48 1.99 2.47 0.79 1.61 1.14 1.07 1.08 1.74 0.50 0.49 
1.04 0.83 1.58 0.39 0.82 0.43 1.65 0.97 1.46 0.47 0.99 1.03 2.96 1.80 2.91 0.54 2.41 1.64 2.58 1.90 1.70 2.17 2.63 1.97 1.57 1.70 1.62 1.57 0.76 0.75 
0.44 0.40 1.85 1.80 1.85 1.50 0.40 0.84 1.68 0.47 1.11 0.69 0.58 1.04 1.97 1.97 2.34 0.70 1.18 2.74 2.35 2.64 2.25 2.00 0.42 0.90 1.86 1.60 1.70 0.68 
1.08 0.55 1.65 1.96 1.01 1.02 0.58 1.76 1.19 0.55 0.75 0.52 2.96 1.46 0.69 2.86 2.36 0.63 2.98 1.62 1.76 2.01 1.59 2.70 0.39 0.65 0.88 1.74 0.71 1.40 
1.63 1.01 1.62 1.77 1.75 1.65 1.15 1.59 1.86 0.46 1.77 1.99 1.42 2.36 1.33 1.88 2.31 1.53 1.60 1.43 2.39 2.67 2.62 0.92 1.60 1.95 1.30 0.61 1.31 0.62 
1.05 0.40 0.83 1.86 0.84 1.71 1.86 0.91 0.58 1.94 0.51 1.25 2.36 2.34 2.28 0.69 2.78 2.10 1.32 2.23 1.24 0.76 1.93 0.82 1.41 1.78 1.27 1.77 1.50 0.92 
0.52 0.68 1.71 0.77 0.90 1.56 0.86 1.00 1.60 0.41 1.70 0.75 1.43 2.43 0.74 2.46 2.38 1.33 0.74 0.65 0.82 2.10 2.96 1.41 0.89 1.02 0.39 1.21 1.37 0.94 
1.29 1.27 0.53 0.57 0.39 1.17 1.41 0.47 1.23 0.36 0.75 0.54 1.99 1.28 0.82 1.51 2.95 2.73 1.23 0.58 1.42 1.88 0.61 0.90 1.96 1.95 0.36 0.89 0.92 1.10 
1.59 0.60 0.76 1.11 0.47 1.33 0.65 1.53 0.97 1.48 0.78 0.95 2.79 1.25 2.55 1.58 2.07 1.56 1.07 2.68 2.66 2.65 2.31 1.24 1.58 1.81 0.99 0.51 1.10 1.10 
1.05 0.78 0.87 0.64 0.95 0.69 1.72 1.96 1.21 0.90 0.47 1.95 2.17 1.44 0.75 2.80 1.52 0.82 1.68 1.55 1.33 1.02 1.38 0.70 1.21 1.02 1.59 1.54 1.26 1.37 
0.46 1.60 0.80 0.80 1.99 0.47 1.05 1.53 1.14 1.31 0.69 0.60 2.12 2.77 1.31 2.77 1.30 2.24 2.39 0.82 2.12 0.52 1.55 0.90 1.14 1.42 1.61 1.86 1.41 0.58 
1.10 0.39 1.30 1.53 0.73 0.75 1.00 0.43 1.65 1.99 0.52 0.73 1.13 2.31 1.28 2.36 2.16 1.15 1.45 1.38 2.49 0.71 2.19 1.43 1.73 0.66 1.45 0.77 0.96 0.44 
1.08 0.40 1.79 1.63 1.51 1.66 1.72 0.91 1.33 0.68 0.69 0.47 2.51 0.60 0.54 2.15 1.73 2.57 2.52 1.89 1.81 1.99 0.93 1.51 0.76 0.44 1.10 0.37 0.59 0.68 
1.94 0.44 1.44 1.06 1.29 1.22 1.79 1.95 1.82 1.53 0.59 1.62 2.52 1.67 1.10 0.58 1.40 1.53 1.64 0.94 2.46 2.66 2.74 2.98 1.96 1.27 0.37 1.77 0.88 1.77 
0.80 0.67 0.95 0.37 0.56 1.28 0.69 0.43 1.96 1.53 1.60 0.40 2.47 2.04 0.85 2.29 2.59 0.69 1.93 2.47 0.70 0.87 2.72 2.21 1.83 0.50 0.56 0.37 0.43 1.05 
1.83 1.38 0.43 1.15 0.35 0.75 0.89 1.59 1.66 1.43 1.17 0.78 1.50 1.88 2.29 1.04 2.87 2.31 1.37 2.28 0.58 1.99 1.71 2.70 0.58 0.42 0.81 0.78 0.91 1.31 
1.64 0.77 1.45 1.53 1.91 1.94 0.44 1.25 0.65 1.96 1.00 0.46 1.15 2.92 1.33 2.98 2.24 2.54 1.80 1.93 0.82 0.55 2.33 1.58 0.84 0.64 0.50 1.50 1.06 0.86 
0.33 0.92 1.54 0.95 1.87 1.77 0.43 0.59 1.60 0.71 1.83 1.74 0.64 1.60 0.52 0.77 0.60 1.57 1.43 2.78 0.74 1.81 2.79 1.55 0.35 1.77 1.40 1.20 0.44 1.80 
1.70 1.59 0.36 0.60 0.39 0.86 1.06 0.35 0.50 0.61 0.74 1.71 0.57 2.74 1.26 1.71 1.32 1.23 2.21 2.58 0.89 0.87 2.84 0.71 1.50 1.72 0.73 0.46 1.72 1.30 
1.22 0.59 1.07 1.81 0.72 0.92 1.29 0.77 1.81 1.85 0.34 0.83 1.78 1.71 2.06 0.66 2.49 2.59 0.89 1.43 2.58 0.79 1.21 1.97 1.00 1.15 1.05 1.59 0.68 1.41 
1.26 0.89 1.48 0.35 0.88 0.62 0.47 1.48 0.66 1.02 0.91 1.32 0.71 0.87 1.62 1.26 1.24 1.55 2.57 0.57 2.90 1.25 1.23 1.37 1.98 1.29 1.94 1.00 1.11 0.47 
1.59 1.62 1.96 1.65 1.92 0.91 1.52 0.64 0.52 0.58 1.55 1.07 1.12 0.55 0.90 0.77 2.65 1.58 2.00 2.48 2.93 0.66 2.84 2.31 1.72 1.59 0.58 1.06 1.74 1.25 
1.01 0.40 1.40 1.39 1.83 1.58 0.65 1.20 1.62 0.59 0.42 0.83 2.31 2.12 0.94 2.59 2.41 1.93 1.88 1.97 1.55 2.09 2.41 2.36 0.59 1.32 0.92 1.94 0.84 0.65 
1.60 0.49 1.81 1.72 0.95 1.80 0.56 1.53 0.73 1.59 1.79 1.72 1.49 1.12 1.56 2.02 2.52 1.31 2.28 2.45 1.13 1.47 1.24 1.52 1.00 0.55 0.76 0.52 1.66 1.04 
1.01 1.53 1.99 1.27 1.79 1.02 1.65 1.07 0.61 0.37 1.80 1.36 2.69 0.59 1.07 2.75 1.36 1.76 2.77 1.35 2.70 1.50 0.89 0.79 0.38 1.65 0.59 0.74 0.95 1.43 
1.70 0.97 1.62 1.76 1.53 0.33 0.84 1.94 1.53 1.07 1.36 1.03 1.89 0.75 0.61 1.37 2.95 1.04 1.76 1.12 1.35 1.51 0.66 1.04 1.51 1.81 1.56 0.50 0.71 0.63 
1.53 1.04 1.43 0.56 0.35 1.62 1.91 1.76 1.13 0.91 0.38 1.50 1.91 2.39 2.65 1.50 1.24 2.97 0.65 2.58 0.66 0.64 2.47 1.99 1.68 1.48 1.37 1.83 1.89 0.62 
1.38 0.85 1.62 0.75 1.83 0.88 0.74 0.36 1.21 1.00 0.41 1.45 1.91 1.55 0.75 2.09 1.97 1.07 1.61 2.06 2.47 0.63 0.90 0.66 1.43 1.54 0.91 1.01 0.60 1.77 
0.51 1.98 1.36 1.53 1.22 0.77 1.56 1.14 1.98 0.86 1.91 0.36 2.04 2.85 2.21 1.11 2.91 0.93 0.84 1.84 0.85 2.91 1.47 1.45 1.05 1.85 0.68 0.59 0.56 1.79 
1.56 1.02 1.22 1.27 1.80 1.14 1.72 0.75 1.45 1.70 0.85 1.34 0.91 1.52 0.61 0.90 1.88 1.12 1.37 2.02 1.50 1.98 1.83 2.93 1.72 0.83 1.27 0.82 1.33 1.37 
1.71 0.75 1.11 0.60 0.55 1.48 1.40 1.23 1.06 1.65 1.66 1.77 0.77 1.57 1.59 0.96 1.64 2.78 0.71 0.79 2.34 1.24 0.50 2.68 0.56 1.85 1.26 0.41 1.24 0.38 
0.74 1.50 1.55 1.21 1.96 0.99 0.85 1.56 1.43 1.70 1.26 1.07 2.05 2.95 2.10 2.47 1.02 1.59 1.28 1.71 1.56 1.28 2.43 1.64 0.46 1.03 1.64 1.56 0.81 1.77 
0.40 1.79 1.31 0.60 1.23 1.86 1.05 0.99 1.32 1.07 1.71 0.91 2.78 2.33 1.46 1.23 0.66 1.83 2.21 1.32 2.71 0.75 1.48 2.06 1.85 0.53 1.78 1.79 1.71 0.71 
1.37 1.91 0.82 1.72 0.84 1.75 0.39 0.89 1.07 0.82 1.81 0.47 0.70 1.20 1.61 1.67 2.88 2.18 2.28 2.73 2.43 2.55 1.33 2.52 1.12 0.62 0.62 0.50 0.84 1.58 
1.59 0.63 1.06 0.60 0.51 0.88 1.01 1.82 1.54 0.86 1.47 0.38 1.91 1.88 0.57 0.58 1.25 0.85 0.79 1.90 0.94 2.51 1.58 2.34 0.86 0.51 0.54 1.62 0.68 0.51 
1.53 0.52 1.05 1.33 0.51 0.69 0.42 0.95 1.01 1.98 0.72 1.12 1.21 1.28 2.38 2.16 0.89 1.97 0.65 1.96 1.71 1.12 1.29 0.55 1.62 0.44 0.42 0.42 1.08 1.85 
1.64 1.03 1.89 1.66 1.77 0.80 0.44 0.91 1.01 0.91 1.62 0.51 1.12 1.29 1.11 2.21 2.32 1.58 2.78 1.50 1.40 2.80 1.48 1.32 1.45 1.14 1.81 1.05 1.04 0.55 
1.64 0.57 1.52 0.43 0.96 1.99 0.44 1.67 1.81 0.55 1.37 1.02 0.89 1.61 1.60 1.10 2.74 0.87 2.55 1.24 1.91 1.02 2.65 1.31 0.86 1.53 1.07 0.91 1.81 0.61 
0.44 1.37 0.61 1.58 0.82 1.78 1.05 1.65 0.39 1.44 0.52 1.54 0.99 2.58 2.86 0.68 2.68 1.03 1.11 0.83 2.97 1.71 1.69 2.36 0.43 1.81 0.59 1.59 1.98 0.56 
0.46 0.46 0.65 1.98 1.14 0.42 1.65 1.86 0.91 1.23 1.56 0.43 2.05 2.44 0.82 0.58 1.71 1.81 0.67 2.39 2.63 1.56 0.82 2.13 1.29 0.62 1.59 1.01 1.06 1.43 
1.03 1.06 1.25 0.48 1.22 1.02 1.34 1.32 1.68 1.50 1.72 0.39 1.29 1.62 0.62 2.49 1.64 1.32 1.55 1.28 2.85 2.42 2.10 1.88 0.96 1.83 1.96 1.01 1.31 0.35 
1.97 1.47 0.63 1.71 1.47 0.98 1.56 0.71 1.41 0.69 1.75 0.76 1.32 2.39 2.69 1.17 2.42 0.71 2.77 2.88 1.58 1.13 0.77 1.10 0.84 1.50 1.83 1.89 0.91 0.64 
0.67 0.81 0.95 1.56 0.34 0.56 1.14 0.68 0.62 0.43 0.88 1.96 1.28 1.93 2.43 1.21 1.34 1.11 1.84 1.51 2.16 1.53 1.92 2.16 1.04 0.43 1.30 1.48 1.00 0.34 
1.32 1.98 1.50 0.98 0.91 1.41 0.99 1.98 0.76 1.08 0.85 1.80 0.97 1.82 2.90 0.98 2.65 0.89 1.36 2.01 1.93 1.76 1.69 1.26 0.88 1.56 1.71 0.56 0.68 1.80 
1.54 0.58 1.77 1.06 0.91 1.62 1.86 1.42 0.37 1.99 1.62 0.50 1.93 1.18 2.70 0.62 0.52 0.88 1.60 1.11 1.06 1.99 0.68 1.57 1.04 1.08 0.69 1.00 1.02 1.81 
0.97 1.01 0.58 1.81 1.32 0.44 0.45 1.89 1.71 0.60 1.40 0.84 1.21 1.91 1.12 1.49 2.80 2.28 2.35 2.78 2.39 0.52 0.80 2.70 0.52 1.55 1.82 1.06 0.50 1.21 
1.29 0.56 0.36 1.87 1.34 1.10 1.01 0.91 0.91 1.33 1.86 1.73 0.87 0.66 1.58 1.60 0.55 0.89 1.45 0.96 1.44 2.39 1.01 1.02 0.82 1.13 1.17 1.86 1.03 1.44 
0.44 0.68 0.33 0.92 1.07 1.30 0.42 1.45 1.68 1.90 1.42 1.03 2.58 2.91 1.55 1.29 1.28 2.71 1.37 1.34 2.67 2.69 2.93 2.31 0.92 0.50 0.83 1.22 0.69 1.31 
1.20 0.59 1.54 1.82 1.54 1.56 1.99 0.87 0.60 1.17 1.37 0.61 2.30 0.50 1.99 1.60 1.31 2.57 1.28 2.41 2.02 1.80 2.10 1.10 0.40 1.66 1.98 0.83 1.00 1.20 
1.96 1.98 1.59 0.71 0.65 0.46 0.99 0.83 0.81 0.92 1.33 1.29 1.91 1.23 2.77 2.39 2.39 0.62 2.43 0.76 1.78 0.79 2.78 1.07 0.40 0.51 1.47 1.99 0.91 0.59 
0.44 0.69 1.14 0.91 1.61 0.69 0.52 0.82 1.98 1.89 1.68 1.50 2.05 1.52 0.74 1.60 1.64 2.05 2.95 2.29 1.33 1.84 0.82 0.89 1.40 0.44 1.13 1.71 1.79 0.46 
1.44 0.43 1.86 1.62 0.38 1.79 0.55 1.18 1.37 0.51 1.96 0.91 0.79 2.09 2.52 0.84 0.92 2.64 1.99 2.80 2.33 2.91 2.04 0.76 1.62 1.07 0.35 0.92 1.32 1.29 
1.72 1.80 1.48 0.74 1.78 0.76 0.44 1.55 0.56 1.95 1.14 0.62 1.76 1.32 2.39 1.32 1.52 2.75 0.98 1.36 2.39 1.81 1.36 1.48 0.85 0.68 0.44 1.74 0.53 0.73 
1.68 1.37 1.63 0.61 0.88 0.91 1.32 1.01 1.43 0.87 1.79 1.65 0.54 1.77 0.83 1.26 1.32 2.68 2.59 0.91 2.95 1.12 1.23 2.79 1.33 0.59 0.88 1.98 0.66 1.02 
0.48 1.61 0.56 1.86 1.19 1.56 1.54 1.30 0.45 0.95 0.39 0.91 2.95 2.68 0.77 2.70 2.18 1.03 1.43 2.84 0.89 2.43 1.44 1.55 1.25 1.26 0.55 1.10 1.72 0.90 
0.69 0.73 1.54 1.86 1.31 1.06 0.43 1.77 0.34 0.91 1.60 1.56 2.26 1.02 1.15 2.96 0.64 1.61 0.66 1.03 0.88 2.41 2.56 1.56 0.61 1.29 1.80 0.88 0.95 0.62 
1.25 0.65 1.86 1.02 1.94 1.77 0.43 1.99 0.82 0.37 0.44 0.91 1.67 0.93 1.08 1.95 1.46 0.74 2.52 2.67 1.60 2.93 1.40 1.73 0.51 1.76 0.96 1.53 1.98 1.29 
0.77 1.62 1.77 1.60 1.71 1.41 1.75 0.66 1.70 0.95 1.22 0.55 0.87 0.58 2.31 0.50 2.35 0.93 2.91 0.52 1.14 2.41 1.82 2.18 0.74 0.44 1.14 0.42 0.84 1.31 
0.56 0.95 1.06 1.48 1.39 1.18 1.77 0.40 1.07 0.91 0.91 1.97 1.41 1.58 2.10 1.57 2.69 1.79 1.71 0.87 0.88 1.33 1.04 2.48 1.64 0.89 1.60 1.56 1.40 0.37 
1.56 1.54 0.43 0.62 1.61 1.65 0.38 1.85 0.88 1.43 1.08 1.29 1.57 0.85 1.33 2.15 1.59 0.77 1.53 2.18 1.41 2.68 1.45 2.18 1.71 1.05 0.91 0.58 1.72 1.36 
0.59 0.75 0.95 1.71 1.64 1.90 1.62 0.52 1.86 0.43 0.59 1.65 0.64 1.02 1.97 1.71 2.87 2.56 0.69 1.53 2.95 0.52 0.69 2.84 1.29 1.96 1.61 0.60 0.74 0.43 
1.82 0.46 1.27 1.65 0.82 0.77 1.05 1.61 1.77 1.86 0.74 1.71 0.99 0.82 0.59 1.60 2.25 2.39 1.81 1.30 1.71 2.46 0.89 2.47 1.32 0.82 1.68 1.10 1.36 0.71 
1.54 0.91 0.46 1.62 0.84 0.84 0.88 1.64 0.49 1.20 0.98 0.69 1.60 1.56 0.59 1.86 0.87 2.88 1.83 0.66 2.18 1.12 1.76 1.50 1.01 0.47 1.25 1.57 1.77 0.42 
1.71 1.14 1.87 0.43 1.21 1.90 0.38 1.96 1.30 0.40 0.35 0.58 1.57 1.33 2.34 1.50 2.47 0.71 0.87 2.21 2.35 0.88 0.82 2.02 0.76 1.79 0.53 0.62 0.65 1.48 
1.01 1.96 0.97 0.62 1.56 1.78 0.91 0.42 0.43 1.12 0.71 1.74 0.64 2.87 2.96 2.25 2.21 2.74 2.73 1.84 1.62 1.99 1.60 2.42 0.99 1.57 0.69 0.90 1.00 1.80 
0.84 0.43 1.60 0.60 1.53 1.83 1.96 1.70 0.98 0.97 1.73 1.71 0.65 0.78 0.91 0.70 2.34 2.99 2.29 2.80 2.18 0.75 1.02 2.34 1.91 0.89 0.50 0.91 0.82 0.91 
0.81 1.20 1.68 1.98 1.71 1.83 1.96 1.45 0.86 0.38 0.37 1.79 0.54 2.42 2.06 1.03 2.57 0.60 1.99 2.70 1.33 1.68 1.51 2.84 1.08 0.55 1.56 0.39 0.40 1.72 
1.05 0.77 1.43 1.78 0.62 0.36 0.92 0.69 0.57 0.69 1.61 1.59 2.18 1.43 2.94 0.77 1.37 2.92 1.81 1.02 0.80 2.48 1.04 0.68 1.62 1.13 0.59 0.99 1.91 1.86 
0.75 0.52 1.86 1.21 1.29 0.77 0.95 1.65 0.91 1.61 1.21 0.64 0.58 2.39 0.58 1.15 1.84 0.58 2.93 1.95 0.52 2.05 0.63 2.58 1.63 0.75 1.29 1.00 1.87 0.58 
1.72 1.98 1.65 0.73 0.94 0.44 1.59 1.89 1.68 0.58 1.84 0.51 1.91 0.99 1.56 2.75 0.93 1.81 2.58 2.38 2.12 1.37 2.88 1.80 1.08 1.64 0.83 0.37 1.94 0.35 
1.92 1.56 1.04 0.51 1.77 0.99 1.01 0.95 1.98 0.88 1.04 1.82 2.39 1.50 0.80 2.07 0.52 2.01 1.50 0.52 1.35 2.68 0.77 2.58 0.55 0.58 1.66 0.36 1.05 1.65 
1.50 1.50 1.55 0.55 1.33 1.78 0.68 1.68 1.47 1.75 0.52 0.45 1.57 0.58 0.65 1.15 1.60 1.28 1.99 1.61 0.57 1.37 2.01 2.69 0.96 1.25 1.71 1.43 1.44 1.83 
1.80 0.59 0.83 1.20 1.43 1.77 1.86 1.01 1.06 0.48 0.91 0.88 1.12 1.49 2.88 1.04 1.25 2.36 1.81 0.69 0.58 1.52 2.99 0.68 1.20 0.43 0.83 1.06 1.11 0.60 
0.56 1.60 1.29 0.65 1.25 1.59 1.02 0.76 1.55 1.71 0.56 0.33 1.48 2.04 0.93 0.89 0.92 2.58 0.89 1.28 2.18 2.46 2.25 2.96 0.59 1.80 0.50 0.57 1.31 1.89 
1.67 1.63 0.82 0.52 0.45 1.03 1.14 1.60 1.41 1.60 1.47 0.45 2.80 2.57 0.89 2.00 2.35 2.80 1.99 1.90 2.73 2.38 0.91 2.18 1.10 1.36 1.77 0.47 1.03 1.99 
1.22 1.48 0.51 1.59 1.91 1.71 1.67 1.68 0.46 1.24 1.68 1.99 2.10 0.51 2.34 2.67 2.48 1.87 1.81 1.28 1.62 0.50 1.02 0.77 1.03 0.43 1.21 0.84 1.31 1.98 
1.39 1.30 1.80 1.33 1.32 1.85 1.71 0.60 1.25 1.82 1.67 1.07 0.55 2.88 2.56 1.58 0.82 0.58 1.95 2.48 2.94 0.93 2.48 2.98 0.60 0.56 1.14 1.37 0.69 1.95 
0.43 0.35 1.42 0.71 1.95 1.59 0.52 0.91 1.27 0.34 0.99 1.14 1.62 2.99 0.89 2.66 2.96 0.68 1.60 2.33 2.70 1.10 0.52 1.33 1.96 1.18 1.72 0.66 1.78 1.82 
0.41 1.70 1.86 1.60 1.47 0.42 0.44 0.66 0.52 0.74 0.37 1.12 1.88 2.84 1.27 0.85 1.73 2.55 1.04 1.59 2.44 1.37 0.89 1.33 1.29 0.62 1.65 0.95 0.46 1.32 
0.57 0.42 0.95 1.70 1.62 1.06 0.47 0.82 0.47 0.92 0.66 0.44 1.77 2.34 0.52 2.58 2.29 2.05 1.69 2.12 1.23 1.03 1.62 1.33 1.83 1.86 1.86 1.77 1.50 0.45 
0.50 1.83 1.17 1.38 0.52 0.43 1.03 1.86 0.45 1.62 0.68 0.75 0.66 0.58 2.98 2.93 0.55 2.29 1.02 0.55 0.62 2.80 2.83 2.16 1.72 0.35 1.60 1.06 1.86 0.75 
1.62 1.33 0.86 0.58 0.83 0.95 1.80 0.87 1.07 0.87 0.59 1.33 1.56 1.68 2.95 0.60 1.52 2.47 1.45 0.69 0.94 0.98 2.25 1.55 1.83 0.38 0.67 1.59 0.97 0.68 
0.43 1.23 0.95 1.92 0.88 0.82 1.21 0.74 0.74 1.37 1.99 0.41 2.77 1.04 0.96 1.20 1.38 1.27 2.93 2.98 1.60 2.98 1.55 1.40 1.97 0.95 0.88 1.63 0.43 1.86 
0.56 1.58 1.68 1.42 0.54 1.71 0.39 1.98 0.87 0.48 1.78 1.78 1.59 1.89 1.28 1.06 2.93 1.24 1.82 1.40 2.34 2.79 1.31 1.37 1.83 0.91 0.51 1.76 1.14 0.52 
1.70 0.96 0.56 1.91 0.69 0.54 0.69 0.68 0.86 1.32 1.33 1.34 1.08 1.28 2.41 1.53 0.58 2.58 1.37 0.52 1.67 2.70 2.96 1.14 1.59 0.59 1.64 0.74 1.89 1.94 
1.00 1.72 1.96 0.51 1.31 1.08 1.89 1.10 0.86 1.65 1.21 1.80 1.99 0.89 2.55 1.80 1.50 1.76 2.66 1.81 0.59 2.65 1.92 0.65 0.43 0.87 1.01 1.86 1.77 1.68 
1.14 1.48 0.62 1.62 1.65 0.80 0.52 1.68 0.60 1.96 0.84 0.95 0.97 0.74 2.67 0.87 1.06 2.10 0.66 1.26 2.54 1.52 2.52 1.37 0.44 1.65 1.78 1.54 1.37 0.40 
1.54 1.29 1.67 1.41 0.63 1.45 1.82 1.96 0.40 1.67 1.79 1.22 2.21 2.51 1.03 2.29 1.52 2.55 2.57 2.62 2.46 0.59 1.36 2.98 1.95 0.52 1.04 1.33 1.90 1.01 
1.24 1.64 1.38 0.52 0.47 0.67 1.07 0.78 1.11 0.44 0.44 0.91 2.84 2.75 1.32 2.39 0.74 2.54 1.69 2.70 0.69 0.96 2.73 1.41 1.64 0.47 1.31 1.82 1.36 1.66 
1.25 1.27 0.99 1.90 0.52 1.56 0.63 0.89 0.59 1.64 0.51 0.78 1.56 1.71 2.69 1.06 1.61 2.04 2.04 0.78 2.96 1.76 0.89 2.58 0.37 0.91 0.55 0.91 1.55 1.01 
0.97 1.04 1.25 1.29 1.73 1.87 0.51 0.56 1.34 1.48 0.58 1.00 2.47 1.02 0.85 0.54 2.87 1.99 0.77 1.15 2.32 2.91 2.77 2.67 0.81 0.62 1.29 0.91 0.50 1.78 
0.58 1.08 0.67 0.74 0.88 1.37 1.31 1.71 1.07 1.96 1.80 1.32 0.97 2.54 0.88 0.60 0.80 1.33 2.99 0.52 0.71 1.08 0.69 2.75 1.82 1.81 1.65 1.10 1.86 1.21 
1.96 1.45 0.69 1.68 1.32 1.86 0.40 1.79 1.31 1.61 1.59 1.82 1.41 2.41 2.70 1.50 1.62 1.33 2.95 0.91 0.78 2.74 2.56 2.02 0.86 1.50 1.03 1.47 1.61 0.73 
0.97 1.68 0.59 1.05 0.95 1.89 1.91 1.17 1.27 0.42 0.57 1.70 0.54 0.63 2.29 2.98 2.58 1.28 1.29 1.97 2.98 2.77 0.58 2.56 0.84 1.44 1.92 0.42 0.92 1.64 
0.88 0.59 1.44 0.59 0.44 1.05 1.05 1.33 1.59 1.06 0.91 1.80 2.45 2.56 2.44 0.87 1.82 1.76 2.99 1.55 0.92 2.70 1.42 2.67 1.57 1.04 1.02 1.98 1.53 1.13 
1.55 0.47 1.37 1.55 1.53 1.68 1.31 0.42 1.92 0.43 0.91 0.74 2.52 2.65 2.46 2.94 1.57 1.58 2.35 0.51 2.16 0.89 1.28 0.66 1.06 1.59 1.00 0.76 1.37 0.69 
0.71 1.01 1.72 0.39 0.43 0.38 0.43 0.52 0.75 0.40 0.61 0.91 2.35 0.97 2.55 1.52 0.68 2.31 2.88 2.78 1.21 0.65 0.59 1.67 0.99 1.03 1.50 1.34 0.59 1.33 
1.80 1.33 1.44 1.65 1.11 1.91 0.64 1.64 1.41 1.80 0.52 1.59 1.15 2.34 1.37 1.37 1.42 1.51 2.34 1.61 1.73 2.77 1.83 1.81 1.67 1.08 1.30 0.86 0.46 0.59 
0.71 1.42 1.80 1.72 1.89 0.74 1.94 1.38 0.96 0.62 1.78 0.38 1.49 1.26 1.42 0.68 2.12 1.89 2.05 0.84 1.12 0.66 1.07 2.68 0.99 1.68 0.65 0.52 0.84 1.31 
1.97 1.82 1.13 0.95 1.68 1.68 1.57 1.47 0.95 1.72 0.48 0.43 1.90 1.89 2.46 1.57 0.65 1.11 1.34 1.71 1.24 2.93 1.58 0.89 1.18 1.50 1.56 0.34 1.90 1.64 
0.42 1.63 0.78 1.91 1.86 1.68 0.55 1.45 0.86 1.67 1.64 1.54 2.21 1.25 0.52 0.54 0.71 2.65 2.79 1.02 2.29 0.77 1.52 2.52 1.77 0.73 1.37 1.72 1.56 1.86 
1.64 0.82 0.42 0.47 0.46 0.86 0.34 0.36 0.64 0.69 0.86 1.36 1.57 2.94 1.45 2.33 2.49 1.29 2.24 2.65 2.44 2.28 1.29 2.48 1.25 1.77 1.62 1.21 0.44 1.63 
0.44 0.91 0.52 1.70 1.31 0.71 0.50 1.13 0.75 0.43 0.48 1.28 1.33 0.67 1.55 1.45 2.44 1.62 2.18 0.66 0.79 1.29 1.14 2.50 0.91 1.86 0.76 1.99 1.14 0.51 
0.86 1.22 0.86 0.74 0.38 0.71 1.33 0.42 1.13 0.47 1.02 1.41 0.58 1.15 0.77 0.58 2.38 1.28 1.24 2.88 0.84 2.19 0.82 1.52 1.71 1.76 0.50 0.68 1.06 0.37 
1.64 1.72 0.69 1.11 0.62 0.58 1.05 0.71 0.50 0.80 1.83 0.58 2.94 0.57 1.82 0.89 2.74 2.31 0.71 0.61 1.71 1.32 1.53 0.75 0.68 1.18 1.72 0.49 0.40 1.46 
0.36 0.62 0.91 1.05 1.63 1.53 1.34 0.74 1.86 1.67 1.21 0.83 1.21 2.39 1.28 0.83 2.10 1.71 2.71 2.31 2.57 1.99 0.52 2.44 1.47 0.36 0.80 1.03 0.68 0.44 
1.54 1.61 0.63 1.85 0.44 1.33 1.41 0.44 1.21 0.40 1.53 1.54 2.89 2.10 2.19 2.56 1.36 1.65 0.78 1.81 1.42 2.25 1.97 1.60 1.71 1.29 0.40 0.55 0.58 0.42 
0.87 0.95 0.34 0.38 0.67 1.99 0.62 1.56 1.56 1.19 1.94 0.33 1.48 1.77 1.12 1.67 1.33 1.04 1.93 2.18 1.29 0.89 1.21 1.17 0.62 1.62 0.38 0.52 0.51 0.62 
1.83 1.78 1.27 1.65 1.96 0.55 0.40 0.62 0.63 0.76 1.95 0.64 1.38 2.55 2.99 2.73 1.98 0.68 1.56 2.65 0.89 1.94 2.56 2.86 0.86 0.60 1.21 0.69 1.10 0.71 
1.14 1.59 0.95 1.30 1.00 1.05 1.14 0.92 1.98 1.95 1.65 1.84 1.24 0.93 0.82 2.39 1.49 1.33 1.81 1.71 2.06 1.90 1.95 2.86 1.53 1.26 0.35 1.14 0.75 0.68 
0.55 0.73 1.56 0.57 1.77 0.62 0.86 0.91 1.03 1.15 1.45 1.61 0.97 2.59 0.89 0.93 2.05 1.58 2.55 2.04 0.71 1.76 1.52 1.23 1.29 1.02 1.01 1.00 1.59 1.77 
1.37 1.02 0.59 0.62 1.17 0.57 1.36 1.62 0.36 0.62 1.71 1.86 2.68 1.89 1.28 2.58 2.41 0.66 1.56 2.58 1.12 1.55 2.18 1.71 0.88 1.70 1.79 0.34 0.98 1.08 
0.87 1.05 1.98 1.31 0.82 0.54 1.94 0.43 1.92 1.77 1.95 1.86 2.55 1.79 2.04 1.29 1.06 0.65 1.36 1.61 1.52 1.14 1.55 0.61 1.82 1.05 0.74 1.76 0.56 1.98 
0.50 0.95 0.49 1.86 1.28 1.70 0.65 1.37 1.84 0.47 0.82 1.61 2.52 2.88 2.36 1.60 1.58 0.76 2.79 2.31 2.41 2.66 2.09 1.14 0.61 1.07 1.28 1.86 1.45 0.71 
1.72 0.35 1.04 1.06 0.92 1.13 0.88 1.81 0.69 1.86 1.98 1.55 1.04 0.58 2.71 1.67 0.52 1.81 1.43 1.20 2.21 1.81 2.96 0.52 0.82 0.40 0.71 0.57 0.60 1.50 
1.77 0.73 1.01 0.91 0.86 0.43 1.33 1.22 0.59 1.28 1.51 0.77 2.79 0.64 2.87 2.47 1.15 0.66 1.91 1.09 0.58 2.43 0.67 1.80 1.15 1.20 1.71 0.94 1.94 0.58 
1.77 0.58 1.15 0.52 0.61 0.91 1.14 1.25 1.48 1.29 0.77 1.24 0.77 1.79 2.34 2.21 2.57 2.21 1.14 1.93 1.37 1.67 2.55 2.57 1.68 1.94 1.43 1.12 0.77 0.94 
1.71 1.63 0.52 0.71 1.11 1.27 1.48 1.68 1.56 0.43 0.57 0.62 1.15 2.83 2.44 2.74 1.13 2.93 1.76 0.93 2.63 2.58 2.30 2.98 0.95 0.62 0.47 1.77 1.99 1.03 
0.39 1.06 0.67 0.34 1.71 0.91 0.95 0.39 0.81 1.62 1.19 0.95 1.07 2.69 1.53 2.72 2.04 2.47 2.44 0.82 1.37 2.12 2.33 2.78 0.58 0.51 1.03 1.02 1.86 1.89 
1.89 1.06 1.01 1.05 1.55 0.89 0.40 0.94 0.76 0.68 1.86 1.02 1.64 1.37 1.99 1.13 1.26 1.15 0.64 2.75 1.49 2.92 2.29 1.36 1.50 1.71 1.92 0.94 1.82 1.86 
0.59 0.59 0.82 1.81 1.48 1.62 1.72 1.77 0.44 0.42 1.71 1.00 1.57 0.74 2.38 1.97 1.80 1.68 0.77 1.50 0.60 1.20 0.85 2.02 0.42 1.70 0.82 1.96 0.61 1.43 
0.42 1.37 0.46 1.59 0.88 1.08 0.81 1.02 0.78 0.51 1.53 0.74 1.82 0.64 1.73 2.18 2.92 0.76 2.90 2.01 2.67 2.46 2.29 2.44 1.01 1.56 1.70 0.80 0.97 0.76 
0.44 1.79 1.22 0.76 1.46 1.41 1.36 1.47 1.47 1.37 1.43 0.95 2.70 1.33 2.51 1.71 2.38 2.39 1.50 1.37 2.52 2.65 2.12 2.98 1.43 0.43 0.62 0.99 1.21 1.04 
0.52 0.82 0.65 1.33 0.43 0.47 0.37 1.45 0.76 1.56 1.00 1.05 1.61 0.77 2.39 0.50 0.65 0.94 0.76 1.88 1.55 2.73 2.96 2.58 0.82 0.40 0.44 0.83 0.51 1.04 
1.08 1.24 1.77 0.89 0.33 0.50 0.48 0.92 0.88 0.82 1.27 1.34 1.52 1.20 2.96 1.06 2.29 2.38 1.17 1.88 1.11 2.17 2.64 2.41 1.50 0.42 1.42 1.72 1.86 1.80 
1.21 1.94 1.33 0.97 1.37 1.24 0.62 1.28 1.95 0.60 1.39 0.43 1.84 1.52 2.29 2.18 1.28 1.15 2.87 1.34 2.99 0.65 1.35 2.87 0.51 1.62 1.71 0.43 1.64 0.35 
0.73 1.59 1.65 0.40 0.88 1.78 0.77 1.26 1.33 0.74 0.91 0.55 1.45 0.57 2.04 2.29 2.35 0.93 0.70 2.38 2.63 2.19 0.58 1.97 1.01 0.44 1.64 0.84 1.91 0.39 
1.50 0.41 0.69 1.80 0.82 1.94 1.53 1.71 1.48 1.54 1.31 0.65 0.77 1.45 1.53 0.54 2.43 0.71 2.57 2.33 2.51 1.53 2.46 2.41 0.47 1.75 0.91 0.90 1.89 0.44 
0.84 1.76 0.47 1.28 1.83 1.21 0.34 1.75 0.38 0.62 1.72 0.94 1.49 2.41 1.99 2.02 1.88 2.12 2.18 1.67 1.61 1.23 1.61 1.82 0.97 1.97 0.73 0.97 1.81 1.82 
1.08 0.88 1.43 1.29 1.08 1.01 1.37 1.21 0.69 0.39 1.47 0.52 1.52 0.65 2.23 1.26 2.79 1.25 1.71 1.31 1.12 1.73 2.78 2.99 1.70 1.28 1.14 0.73 1.85 1.71 
0.55 1.21 0.89 1.68 0.37 0.60 0.43 1.39 1.03 0.78 0.43 1.85 2.41 2.16 1.99 1.77 2.04 1.37 2.70 1.52 2.65 2.00 0.52 2.91 1.13 1.12 1.77 0.44 0.66 1.59 
1.46 1.03 0.44 0.80 0.52 1.75 1.77 1.32 1.30 1.98 1.64 0.64 1.24 0.54 0.94 2.84 2.41 1.33 2.80 0.89 1.29 2.70 1.06 2.70 0.41 1.94 0.75 0.50 1.99 1.64 
1.21 1.06 1.60 1.56 0.57 1.82 0.69 1.99 1.94 1.62 0.51 1.58 1.28 0.97 2.80 1.56 1.47 1.95 1.94 0.63 2.89 1.11 1.14 0.92 1.60 0.46 1.07 1.02 1.79 1.64 
0.47 1.04 0.77 0.64 0.96 1.80 0.92 1.79 0.43 1.25 1.66 0.91 2.48 1.26 1.15 2.98 2.66 0.98 2.92 1.03 2.55 2.29 1.32 0.51 0.78 1.31 0.91 1.37 0.92 1.06 
0.97 0.58 1.53 0.52 1.67 0.84 0.61 0.75 0.69 0.42 1.77 0.91 2.66 0.65 0.71 1.55 2.96 2.73 1.65 1.12 2.73 0.60 1.99 2.48 1.95 0.74 0.33 0.67 0.48 1.65 
1.08 1.96 1.02 1.03 0.56 0.50 1.71 0.88 1.26 0.90 1.54 1.37 2.41 2.95 1.02 1.64 0.57 0.69 1.59 2.72 1.83 2.95 1.14 2.56 1.96 0.65 0.34 1.59 0.57 1.04 
1.37 1.76 1.15 1.54 0.35 1.05 1.90 1.19 1.22 1.56 1.03 1.83 1.64 0.63 2.63 1.33 0.82 1.88 2.79 1.33 2.00 2.58 2.56 1.37 0.51 1.59 1.57 1.75 1.70 1.75 
0.68 1.50 1.00 0.78 0.39 1.07 0.69 1.79 1.19 0.53 1.44 1.17 1.27 0.62 1.36 2.64 2.88 1.70 1.45 1.35 2.73 2.69 0.60 2.88 1.19 0.71 1.51 1.91 1.27 0.71 
0.84 1.80 0.59 1.53 0.94 1.02 0.66 0.69 1.65 1.40 0.65 0.88 1.65 0.89 2.56 1.95 1.78 1.23 0.85 1.52 2.24 2.78 2.15 1.26 0.43 0.57 1.22 0.80 0.71 0.91 
1.53 0.35 1.98 1.65 1.08 1.22 0.42 1.87 1.99 1.25 1.98 1.21 1.08 1.60 0.64 2.58 1.04 2.78 2.70 0.65 1.50 2.69 0.85 2.68 0.71 0.74 0.82 1.89 1.82 0.55 
0.86 1.57 0.68 1.56 0.46 1.19 1.97 0.53 1.96 1.75 0.82 0.62 2.30 2.66 1.20 0.58 2.26 2.41 2.21 2.34 0.69 0.69 1.14 2.77 0.94 0.72 0.99 0.34 1.36 1.43 
1.68 0.84 0.43 1.85 0.42 1.62 0.47 0.78 1.40 1.06 0.86 0.45 1.71 1.12 1.28 2.59 1.56 1.07 0.62 1.36 2.48 2.56 0.63 1.36 1.22 1.76 0.81 0.45 1.61 0.45 
0.39 0.95 1.68 0.67 0.73 1.00 0.75 1.42 0.73 0.99 1.47 0.95 2.57 0.52 1.52 0.84 1.37 1.32 1.61 2.70 0.82 2.59 2.65 1.40 1.43 0.80 0.49 1.91 1.78 1.57 
1.79 1.72 1.72 1.96 0.56 0.42 1.21 0.39 1.04 1.42 1.92 1.11 0.52 0.69 1.52 1.49 1.95 1.91 2.77 2.48 1.27 1.15 2.41 2.10 0.77 0.96 0.45 1.99 0.39 1.03 
0.55 1.86 1.60 0.62 1.45 1.96 1.81 0.51 1.77 1.11 1.72 0.58 2.80 2.21 1.51 1.55 0.64 2.41 2.69 2.47 2.52 2.65 2.54 1.32 0.97 0.37 1.86 0.78 1.36 0.54 
1.50 1.68 0.95 1.10 0.49 0.40 1.31 0.45 1.65 1.53 0.91 1.60 2.30 2.67 2.15 0.68 0.93 0.85 1.73 2.90 1.94 1.01 0.87 2.10 0.34 1.44 0.95 1.61 0.59 0.37 
0.52 1.33 1.89 0.96 0.80 1.07 0.42 0.34 0.98 1.14 1.86 1.71 1.14 2.21 2.33 2.80 2.00 2.84 2.68 1.57 1.50 1.35 1.32 2.72 0.71 1.33 1.59 1.60 1.82 1.40 
1.10 0.49 1.37 0.80 0.95 1.23 0.61 1.25 0.91 1.20 1.85 0.58 1.32 2.58 2.79 1.44 2.26 1.44 0.69 0.93 2.93 1.55 0.96 2.79 1.07 1.46 0.71 1.71 1.59 0.69 
1.85 1.83 0.85 1.96 0.58 0.76 0.91 0.46 0.50 0.50 0.62 0.99 2.45 0.71 2.75 1.80 1.88 1.26 2.84 2.96 1.52 2.17 1.65 1.08 1.70 1.22 1.86 0.58 0.62 1.14 
1.70 1.33 0.78 1.75 1.65 1.56 0.95 0.97 0.46 1.15 1.99 1.21 2.80 2.16 0.70 0.54 0.66 1.60 0.88 2.67 1.49 0.65 2.46 2.02 0.82 0.53 1.97 1.96 1.56 1.45 
1.56 1.50 1.33 1.27 1.30 1.02 1.71 0.67 0.97 0.97 1.96 0.43 1.33 2.41 1.55 2.86 0.64 1.57 0.67 1.52 0.52 2.31 2.58 0.74 0.34 1.38 1.14 0.75 1.50 0.40 
0.83 0.90 1.29 0.51 1.33 0.57 0.84 1.98 1.15 1.71 0.36 1.07 1.37 0.78 2.44 2.21 2.52 0.77 1.50 1.52 1.13 2.60 1.88 2.96 1.91 1.79 0.47 1.56 0.57 0.53 
1.15 1.72 0.59 0.35 0.95 1.62 1.77 0.84 1.78 0.38 1.44 1.30 2.74 1.43 2.56 1.14 1.97 2.79 2.96 2.29 1.60 2.39 0.51 2.80 1.53 1.72 0.82 0.74 0.91 1.00 
1.17 1.28 0.39 0.60 0.59 0.57 1.28 0.82 1.89 1.54 0.44 0.67 0.88 0.78 2.52 1.83 2.68 2.78 1.29 2.80 2.18 2.97 2.58 0.65 1.07 0.41 0.95 0.60 0.82 0.88 
1.37 0.68 1.62 1.78 1.71 1.57 0.50 0.84 1.86 1.86 0.86 1.02 1.81 1.71 1.93 0.87 1.58 2.78 1.18 2.07 0.65 1.42 1.04 2.98 1.33 1.72 1.86 0.51 1.03 0.69 
1.17 0.58 1.30 1.97 1.25 1.56 1.03 1.68 1.71 0.71 1.55 1.98 1.45 2.19 1.35 0.65 2.52 2.79 2.39 1.15 2.93 1.79 1.52 0.70 1.86 1.72 0.88 1.94 0.77 0.36 
1.47 1.68 1.71 1.43 0.77 0.64 0.38 1.05 1.28 1.81 1.84 0.91 1.71 2.12 1.88 2.85 2.65 0.58 2.73 1.69 2.35 2.98 1.79 1.04 1.02 1.12 1.59 1.00 1.58 1.54 
1.62 0.76 0.69 0.50 0.57 1.72 1.06 1.65 1.37 0.46 1.70 1.79 0.84 2.71 1.15 1.15 2.43 1.34 2.21 2.70 0.93 2.05 0.65 2.12 0.77 1.01 0.45 1.57 1.78 0.88 
1.29 0.63 0.81 1.62 0.65 1.05 1.29 1.29 0.91 0.40 0.60 1.57 0.58 1.42 1.88 0.74 0.75 1.95 2.59 2.73 2.87 1.81 1.28 2.30 0.40 0.41 1.62 1.31 0.50 1.01 
1.29 0.69 0.71 0.44 1.10 0.76 1.43 0.75 1.17 0.80 1.63 1.33 1.43 0.52 2.00 1.40 1.52 2.73 0.98 1.37 2.77 2.79 2.16 0.89 1.34 1.37 1.31 1.68 0.80 1.94 
1.89 1.62 1.90 0.40 0.86 1.17 0.71 1.85 1.04 1.86 1.42 1.36 1.26 2.97 2.18 0.61 1.11 2.44 0.59 2.96 0.75 1.26 2.48 2.31 1.85 1.94 0.75 1.66 1.01 0.42 
0.99 1.07 0.69 1.68 1.59 1.97 0.77 1.13 1.65 0.59 0.57 1.45 1.24 1.78 2.48 2.92 0.69 2.35 2.41 0.89 0.78 1.07 0.62 1.76 1.98 1.44 0.40 0.35 0.40 0.43 
1.76 1.83 1.72 0.33 0.75 1.76 1.81 0.42 1.68 1.14 1.44 1.04 0.82 2.62 1.14 2.41 1.95 1.84 1.51 0.88 0.85 1.20 1.28 1.36 1.83 0.77 0.84 0.97 0.99 1.44 
1.61 0.44 1.33 0.38 0.89 1.26 1.54 1.80 1.96 0.36 0.95 0.48 2.38 1.79 1.43 1.26 1.32 1.45 1.99 2.60 1.23 2.51 1.61 1.12 1.59 1.02 1.41 1.92 1.79 1.91 
1.96 0.99 1.50 0.43 1.03 1.67 1.18 1.88 1.25 1.64 1.68 0.73 1.57 1.12 0.79 0.71 1.33 0.58 0.82 2.55 1.31 2.96 2.38 0.77 0.71 0.80 1.36 1.72 1.31 1.55 
1.72 0.68 1.17 0.43 0.78 1.31 1.24 0.47 1.99 0.46 0.46 0.44 1.53 2.96 1.38 1.97 2.39 0.64 1.13 1.43 2.71 1.14 2.25 1.50 0.40 0.52 1.14 0.60 1.78 1.21 
0.43 0.96 0.33 0.99 1.70 0.82 0.87 0.77 0.67 0.59 0.80 0.34 0.55 1.87 2.96 0.83 2.78 1.51 2.57 2.72 0.58 2.95 2.57 2.57 0.60 0.68 1.41 0.52 1.37 0.88 
1.99 1.75 0.42 1.71 0.35 1.65 1.86 0.59 1.06 0.52 0.45 0.96 1.81 0.94 0.62 1.43 1.84 1.94 1.25 2.56 1.94 1.12 2.05 2.99 1.71 1.99 1.50 1.22 1.17 0.97 
0.89 0.86 1.58 0.76 1.96 1.94 0.82 0.69 0.76 1.81 0.95 0.56 1.88 1.50 2.83 0.88 0.82 1.97 2.41 1.91 2.95 0.78 2.57 2.31 0.97 1.33 0.33 1.79 1.71 0.88 
1.77 1.26 1.12 0.40 0.40 1.21 0.82 0.57 0.91 1.59 0.59 1.85 0.93 1.09 2.21 0.88 2.79 2.35 1.99 0.64 2.38 2.16 2.96 1.52 1.82 1.07 1.80 0.57 1.70 1.68 
0.75 1.89 1.65 1.82 1.43 1.70 1.65 0.38 1.59 1.21 0.48 0.41 1.81 2.35 0.85 2.71 2.63 1.81 0.93 0.77 0.77 1.59 0.78 1.09 0.43 0.75 1.25 1.63 1.20 0.61 
1.84 0.83 1.50 1.77 1.77 1.36 1.68 0.43 1.68 0.44 0.43 1.12 1.15 0.75 1.10 1.11 1.76 0.70 2.65 2.12 1.23 1.32 2.54 0.50 1.30 1.12 1.57 1.38 0.67 0.75 
0.75 1.50 1.47 1.14 1.54 1.36 1.73 1.53 0.91 1.13 0.39 1.21 1.53 2.96 1.37 1.87 1.23 0.65 2.58 1.32 2.91 1.46 0.88 1.64 1.68 1.33 1.39 1.70 1.63 0.92 
1.56 1.72 0.62 1.86 1.06 1.21 0.97 0.37 1.37 0.45 1.07 0.91 1.52 1.87 0.69 2.12 2.68 0.83 0.85 1.50 2.48 2.92 2.15 2.96 0.82 0.88 1.89 1.55 1.71 0.84 
1.33 0.36 1.90 1.37 1.37 1.05 0.57 0.37 1.23 1.42 0.58 1.61 1.90 1.32 2.39 1.61 1.06 0.90 2.05 0.65 1.15 2.98 1.71 1.52 0.50 1.98 1.64 0.95 1.50 1.78 
0.68 0.60 1.85 0.88 1.19 1.28 1.63 1.96 0.83 1.01 1.21 0.43 1.88 1.95 2.26 1.33 1.99 1.28 1.69 2.93 2.58 2.46 2.46 1.37 1.05 1.50 1.96 0.59 1.37 0.91 
0.74 1.43 0.63 0.80 0.60 1.21 0.35 1.77 1.72 0.59 1.77 1.11 1.53 1.25 1.73 1.58 1.97 2.13 1.55 0.78 1.06 2.80 1.76 1.57 1.29 1.53 0.84 0.56 1.17 1.41 
1.13 0.53 1.07 0.71 0.62 1.61 1.18 0.72 1.40 0.66 1.30 1.75 2.96 1.82 2.46 2.43 1.28 2.49 1.56 1.12 2.51 1.23 1.18 0.75 1.46 0.59 0.35 0.88 0.64 1.61 
1.50 1.47 1.97 0.80 0.46 1.04 1.03 1.86 1.12 0.60 0.88 1.40 2.96 2.56 2.93 2.70 0.93 2.75 1.71 2.35 2.84 1.43 2.89 1.44 1.50 0.95 1.06 0.85 1.21 1.78 
1.86 0.44 1.86 1.45 1.36 1.36 0.40 1.39 0.63 1.05 1.72 0.94 2.69 2.39 2.34 2.15 2.77 0.77 0.51 2.41 2.51 1.31 2.47 1.14 0.47 0.58 1.59 1.00 0.58 1.21 
0.76 1.60 1.03 1.77 1.32 0.86 1.96 0.88 1.04 0.50 1.95 1.43 2.05 2.54 1.47 2.23 1.82 1.01 1.87 2.58 1.23 2.85 1.00 1.49 1.02 1.29 0.99 0.55 1.07 1.78 
1.71 0.77 0.42 0.44 1.22 1.31 0.59 1.07 1.18 1.75 1.53 1.14 1.59 2.90 1.07 2.87 1.06 1.62 1.57 1.23 2.69 2.52 1.38 2.70 1.64 1.14 1.86 1.01 0.57 0.58 
1.85 1.96 1.41 1.62 0.40 1.68 0.88 1.07 1.14 0.92 0.65 0.58 1.37 2.01 0.96 0.87 1.52 1.93 2.99 1.15 2.21 1.95 2.65 1.44 1.76 1.22 0.33 1.34 1.97 1.26 
0.46 1.25 0.38 1.65 1.87 1.80 1.65 0.40 0.91 0.42 1.78 1.53 0.89 1.84 0.93 2.31 2.07 2.75 2.85 2.00 2.41 1.32 2.96 1.37 1.36 1.27 0.88 1.56 1.62 1.86 
1.45 1.61 1.96 0.75 0.77 0.43 1.59 1.14 0.78 1.79 1.99 1.14 1.15 1.34 2.48 2.80 0.93 2.48 2.33 2.96 2.19 1.30 1.62 2.59 0.58 1.13 1.75 1.60 1.15 1.57 
0.50 1.01 1.77 1.28 0.59 0.78 1.62 1.59 0.82 0.82 1.48 0.56 2.12 2.47 0.77 1.52 2.04 2.57 2.21 1.64 2.41 1.53 2.68 2.58 0.91 1.41 1.07 0.62 0.75 0.42 
0.46 0.92 1.95 1.05 1.24 1.76 1.73 1.78 0.91 1.98 1.25 1.70 1.52 0.69 0.88 1.37 1.27 1.95 2.12 1.53 1.78 0.55 1.30 2.00 1.82 0.34 0.36 1.05 0.75 1.99 
1.71 0.56 1.98 1.03 1.80 0.51 1.59 0.95 1.36 1.32 1.72 1.77 1.86 1.93 2.33 1.42 2.69 2.57 2.94 1.76 1.76 2.83 1.49 2.52 0.50 1.48 0.80 0.75 1.56 1.56 
1.77 0.82 1.57 0.42 1.62 1.25 0.42 1.45 1.73 1.76 1.78 0.42 1.96 2.16 1.97 2.73 2.97 2.69 0.50 0.75 0.77 2.39 1.20 1.36 0.43 0.41 1.40 1.82 1.87 1.43 
0.57 1.06 1.36 1.85 1.11 1.29 1.85 0.82 0.50 0.75 0.86 1.08 0.65 1.98 2.79 2.46 2.36 1.81 2.31 2.00 1.49 2.55 2.68 1.04 1.63 0.57 0.45 1.32 0.85 0.82 
1.47 0.58 0.84 1.71 0.89 0.73 1.00 1.06 0.84 1.08 1.21 1.86 2.33 1.71 0.66 0.59 2.79 1.52 0.64 1.71 1.00 0.69 2.96 1.23 1.56 0.92 1.64 0.88 1.68 0.92 
0.40 1.71 1.76 0.62 1.32 0.39 0.60 1.02 0.50 1.68 1.75 1.21 0.87 1.14 1.21 0.77 0.58 1.75 0.75 2.36 1.79 1.33 2.78 0.78 1.29 1.11 0.56 1.78 0.57 1.29 
1.37 1.83 0.53 1.71 1.07 0.84 0.65 1.36 1.04 1.75 0.99 1.68 1.29 1.11 0.58 1.67 0.70 1.11 2.95 1.93 1.88 2.77 1.71 1.32 1.62 0.47 1.03 0.39 1.26 1.05 
1.89 0.63 0.83 1.43 0.44 0.73 1.13 1.94 0.74 0.87 1.40 0.43 1.83 0.79 0.71 1.96 1.77 1.29 1.14 1.98 1.71 1.43 1.32 0.58 0.64 1.94 0.94 1.07 0.62 0.58 
0.51 0.69 1.17 1.71 1.60 1.25 1.17 0.34 1.29 1.01 1.54 0.73 1.02 2.95 0.93 0.71 0.78 1.24 1.82 2.10 1.29 1.26 0.97 2.56 0.57 1.52 0.44 1.70 1.25 1.17 
1.23 1.33 0.57 1.64 1.31 0.75 0.56 1.41 1.21 1.65 1.70 1.14 0.65 1.95 2.68 2.06 1.24 1.99 1.07 2.52 0.69 0.69 1.27 0.87 0.40 0.97 1.31 0.90 1.25 1.05 
1.78 1.25 1.04 1.30 1.78 0.95 0.88 1.59 0.43 1.50 1.96 0.42 0.97 2.88 0.77 1.24 1.90 1.14 1.60 1.04 2.65 1.02 2.73 0.91 1.00 1.86 1.64 0.78 0.71 1.03 
1.59 0.54 1.71 0.91 1.00 1.02 0.37 0.84 1.72 1.00 0.58 1.06 0.76 2.57 1.24 2.73 1.95 2.21 2.90 2.52 2.21 2.28 1.45 0.63 1.45 0.89 1.91 1.78 1.22 1.08 
1.33 1.78 0.88 0.65 0.50 1.20 0.82 0.46 0.69 0.43 1.92 1.21 2.43 2.41 0.90 0.67 1.02 0.85 2.55 1.15 1.43 0.93 1.67 1.37 0.43 0.84 0.69 1.63 0.34 1.31 
1.78 0.86 1.14 1.86 0.75 0.80 1.17 0.41 1.27 0.88 1.85 1.13 0.82 1.35 1.06 1.15 2.72 1.55 1.52 0.75 0.91 2.41 1.44 1.81 1.62 1.17 1.11 1.03 1.76 0.90 
1.70 1.45 1.27 1.71 1.81 1.70 0.76 1.92 0.59 1.23 0.95 1.82 2.80 2.73 1.32 0.93 2.75 1.97 2.93 1.15 2.31 0.64 1.28 2.55 1.62 0.95 1.36 1.64 1.56 1.27 
1.05 0.73 1.45 0.44 1.50 0.40 0.99 0.82 0.61 1.05 0.47 0.91 0.76 1.49 1.34 1.93 0.94 1.37 0.89 1.11 0.58 1.91 0.65 2.31 1.13 0.84 0.41 0.88 0.50 1.72 
1.06 1.71 1.25 0.68 1.86 0.46 0.42 0.40 1.72 0.57 0.50 1.17 2.21 2.39 1.24 1.61 1.37 1.99 1.73 2.10 1.99 1.36 1.89 1.97 1.34 0.82 1.51 1.86 1.07 1.86 
0.60 1.45 0.37 1.72 0.34 0.75 1.92 0.92 0.37 1.64 1.38 1.13 2.44 1.37 1.14 0.75 2.59 0.50 2.65 2.10 2.88 1.04 2.85 2.57 0.68 0.34 0.69 1.22 0.55 0.58 
0.94 1.96 1.91 0.67 1.32 1.56 0.62 1.03 1.86 1.99 0.81 1.76 1.55 2.56 0.82 2.24 1.93 1.36 2.24 0.66 0.87 2.52 1.76 0.65 0.91 0.58 0.57 0.59 1.86 1.42 
0.66 0.56 0.64 1.70 0.71 0.75 1.27 0.91 1.83 1.59 0.69 1.79 1.67 1.24 1.32 2.91 1.32 2.65 2.93 0.54 1.53 0.87 1.34 2.41 1.22 1.63 0.42 1.77 1.99 1.05 
0.95 0.88 0.91 1.17 1.50 1.37 1.45 0.77 0.76 1.65 1.70 1.71 0.85 1.31 1.40 1.26 0.93 1.37 0.91 0.62 1.15 2.46 1.36 2.70 0.75 1.58 1.97 1.23 1.19 0.83 
1.59 1.94 0.88 1.78 0.84 0.91 0.72 0.40 1.71 0.54 0.46 1.72 0.68 2.57 1.73 1.99 1.81 0.93 1.52 0.75 1.28 2.44 1.52 2.57 1.34 1.68 1.86 0.43 1.80 1.86 
1.05 0.88 0.57 1.99 1.11 0.62 0.98 0.56 1.71 1.67 1.20 0.47 2.73 2.15 1.50 1.17 1.28 2.68 0.70 1.91 1.15 2.73 1.65 2.16 1.98 0.62 1.83 1.27 0.34 1.40 
1.51 0.61 1.06 1.03 1.50 1.60 1.68 1.64 1.89 0.76 1.71 1.59 0.74 0.92 1.52 2.57 1.97 2.99 1.32 1.12 1.04 2.62 1.71 0.57 0.69 0.51 0.56 0.92 1.25 1.63 
1.57 0.59 0.80 1.56 1.32 1.95 1.83 0.52 0.87 0.89 0.97 1.61 1.07 2.96 0.77 1.97 2.36 1.53 2.74 1.23 0.54 1.42 1.07 1.38 1.23 1.08 1.00 1.91 1.05 0.91 
1.62 1.96 1.51 1.40 1.17 1.22 0.66 1.83 0.60 1.02 1.21 0.42 2.71 2.43 0.89 1.26 1.59 2.77 2.92 0.91 1.11 1.91 0.58 1.21 1.67 1.29 1.21 0.38 1.32 1.00 
1.32 1.27 0.50 1.94 0.47 1.05 0.92 1.45 1.23 1.72 1.03 1.86 1.46 0.87 0.97 1.29 2.68 0.89 0.87 1.43 1.52 2.39 2.65 2.26 1.60 0.96 0.57 1.01 1.78 1.65 
0.75 1.25 0.34 1.33 1.04 0.58 0.83 0.89 1.14 1.56 1.64 0.47 2.80 1.77 1.60 1.75 2.98 1.92 2.73 2.35 2.98 1.82 0.84 2.31 1.47 0.43 1.91 1.12 1.59 1.00 
0.58 0.42 1.32 1.61 1.56 0.38 0.33 0.73 1.38 1.63 0.73 1.14 2.41 2.19 1.44 1.97 1.04 0.58 1.21 1.04 2.68 1.23 1.23 0.76 0.76 0.38 1.78 1.65 0.68 1.74 
